Date,BERNALILLO,CATRON,CHAVES,CIBOLA,COLFAX,CURRY,DEBACA,DONA ANA,EDDY,GRANT,GUADALUPE,HARDING,HIDALGO,LEA,LINCOLN,LOS ALAMOS,LUNA,MCKINLEY,MORA,OTERO,QUAY,RIO ARRIBA,ROOSEVELT,SANDOVAL,SAN JUAN,SAN MIGUEL,SANTA FE,SIERRA,SOCORRO,TAOS,TORRANCE,UNION,VALENCIA
,35001,35003,35005,35006,35007,35009,35011,35013,35015,35017,35019,35021,35023,35025,35027,35028,35029,35031,35033,35035,35037,35039,35041,35043,35045,35047,35049,35051,35053,35055,35057,35059,35061
2020-01-21,0,0,0,0,0,0,0,0,0,0,0,0,0,0,0,0,0,0,0,0,0,0,0,0,0,0,0,0,0,0,0,0,0
2020-01-22,0,0,0,0,0,0,0,0,0,0,0,0,0,0,0,0,0,0,0,0,0,0,0,0,0,0,0,0,0,0,0,0,0
2020-01-23,0,0,0,0,0,0,0,0,0,0,0,0,0,0,0,0,0,0,0,0,0,0,0,0,0,0,0,0,0,0,0,0,0
2020-01-24,0,0,0,0,0,0,0,0,0,0,0,0,0,0,0,0,0,0,0,0,0,0,0,0,0,0,0,0,0,0,0,0,0
2020-01-25,0,0,0,0,0,0,0,0,0,0,0,0,0,0,0,0,0,0,0,0,0,0,0,0,0,0,0,0,0,0,0,0,0
2020-01-26,0,0,0,0,0,0,0,0,0,0,0,0,0,0,0,0,0,0,0,0,0,0,0,0,0,0,0,0,0,0,0,0,0
2020-01-27,0,0,0,0,0,0,0,0,0,0,0,0,0,0,0,0,0,0,0,0,0,0,0,0,0,0,0,0,0,0,0,0,0
2020-01-28,0,0,0,0,0,0,0,0,0,0,0,0,0,0,0,0,0,0,0,0,0,0,0,0,0,0,0,0,0,0,0,0,0
2020-01-29,0,0,0,0,0,0,0,0,0,0,0,0,0,0,0,0,0,0,0,0,0,0,0,0,0,0,0,0,0,0,0,0,0
2020-01-30,0,0,0,0,0,0,0,0,0,0,0,0,0,0,0,0,0,0,0,0,0,0,0,0,0,0,0,0,0,0,0,0,0
2020-01-31,0,0,0,0,0,0,0,0,0,0,0,0,0,0,0,0,0,0,0,0,0,0,0,0,0,0,0,0,0,0,0,0,0
2020-02-01,0,0,0,0,0,0,0,0,0,0,0,0,0,0,0,0,0,0,0,0,0,0,0,0,0,0,0,0,0,0,0,0,0
2020-02-02,0,0,0,0,0,0,0,0,0,0,0,0,0,0,0,0,0,0,0,0,0,0,0,0,0,0,0,0,0,0,0,0,0
2020-02-03,0,0,0,0,0,0,0,0,0,0,0,0,0,0,0,0,0,0,0,0,0,0,0,0,0,0,0,0,0,0,0,0,0
2020-02-04,0,0,0,0,0,0,0,0,0,0,0,0,0,0,0,0,0,0,0,0,0,0,0,0,0,0,0,0,0,0,0,0,0
2020-02-05,0,0,0,0,0,0,0,0,0,0,0,0,0,0,0,0,0,0,0,0,0,0,0,0,0,0,0,0,0,0,0,0,0
2020-02-06,0,0,0,0,0,0,0,0,0,0,0,0,0,0,0,0,0,0,0,0,0,0,0,0,0,0,0,0,0,0,0,0,0
2020-02-07,0,0,0,0,0,0,0,0,0,0,0,0,0,0,0,0,0,0,0,0,0,0,0,0,0,0,0,0,0,0,0,0,0
2020-02-08,0,0,0,0,0,0,0,0,0,0,0,0,0,0,0,0,0,0,0,0,0,0,0,0,0,0,0,0,0,0,0,0,0
2020-02-09,0,0,0,0,0,0,0,0,0,0,0,0,0,0,0,0,0,0,0,0,0,0,0,0,0,0,0,0,0,0,0,0,0
2020-02-10,0,0,0,0,0,0,0,0,0,0,0,0,0,0,0,0,0,0,0,0,0,0,0,0,0,0,0,0,0,0,0,0,0
2020-02-11,0,0,0,0,0,0,0,0,0,0,0,0,0,0,0,0,0,0,0,0,0,0,0,0,0,0,0,0,0,0,0,0,0
2020-02-12,0,0,0,0,0,0,0,0,0,0,0,0,0,0,0,0,0,0,0,0,0,0,0,0,0,0,0,0,0,0,0,0,0
2020-02-13,0,0,0,0,0,0,0,0,0,0,0,0,0,0,0,0,0,0,0,0,0,0,0,0,0,0,0,0,0,0,0,0,0
2020-02-14,0,0,0,0,0,0,0,0,0,0,0,0,0,0,0,0,0,0,0,0,0,0,0,0,0,0,0,0,0,0,0,0,0
2020-02-15,0,0,0,0,0,0,0,0,0,0,0,0,0,0,0,0,0,0,0,0,0,0,0,0,0,0,0,0,0,0,0,0,0
2020-02-16,0,0,0,0,0,0,0,0,0,0,0,0,0,0,0,0,0,0,0,0,0,0,0,0,0,0,0,0,0,0,0,0,0
2020-02-17,0,0,0,0,0,0,0,0,0,0,0,0,0,0,0,0,0,0,0,0,0,0,0,0,0,0,0,0,0,0,0,0,0
2020-02-18,0,0,0,0,0,0,0,0,0,0,0,0,0,0,0,0,0,0,0,0,0,0,0,0,0,0,0,0,0,0,0,0,0
2020-02-19,0,0,0,0,0,0,0,0,0,0,0,0,0,0,0,0,0,0,0,0,0,0,0,0,0,0,0,0,0,0,0,0,0
2020-02-20,0,0,0,0,0,0,0,0,0,0,0,0,0,0,0,0,0,0,0,0,0,0,0,0,0,0,0,0,0,0,0,0,0
2020-02-21,0,0,0,0,0,0,0,0,0,0,0,0,0,0,0,0,0,0,0,0,0,0,0,0,0,0,0,0,0,0,0,0,0
2020-02-22,0,0,0,0,0,0,0,0,0,0,0,0,0,0,0,0,0,0,0,0,0,0,0,0,0,0,0,0,0,0,0,0,0
2020-02-23,0,0,0,0,0,0,0,0,0,0,0,0,0,0,0,0,0,0,0,0,0,0,0,0,0,0,0,0,0,0,0,0,0
2020-02-24,0,0,0,0,0,0,0,0,0,0,0,0,0,0,0,0,0,0,0,0,0,0,0,0,0,0,0,0,0,0,0,0,0
2020-02-25,0,0,0,0,0,0,0,0,0,0,0,0,0,0,0,0,0,0,0,0,0,0,0,0,0,0,0,0,0,0,0,0,0
2020-02-26,0,0,0,0,0,0,0,0,0,0,0,0,0,0,0,0,0,0,0,0,0,0,0,0,0,0,0,0,0,0,0,0,0
2020-02-27,0,0,0,0,0,0,0,0,0,0,0,0,0,0,0,0,0,0,0,0,0,0,0,0,0,0,0,0,0,0,0,0,0
2020-02-28,0,0,0,0,0,0,0,0,0,0,0,0,0,0,0,0,0,0,0,0,0,0,0,0,0,0,0,0,0,0,0,0,0
2020-02-29,0,0,0,0,0,0,0,0,0,0,0,0,0,0,0,0,0,0,0,0,0,0,0,0,0,0,0,0,0,0,0,0,0
2020-03-01,0,0,0,0,0,0,0,0,0,0,0,0,0,0,0,0,0,0,0,0,0,0,0,0,0,0,0,0,0,0,0,0,0
2020-03-02,0,0,0,0,0,0,0,0,0,0,0,0,0,0,0,0,0,0,0,0,0,0,0,0,0,0,0,0,0,0,0,0,0
2020-03-03,0,0,0,0,0,0,0,0,0,0,0,0,0,0,0,0,0,0,0,0,0,0,0,0,0,0,0,0,0,0,0,0,0
2020-03-04,0,0,0,0,0,0,0,0,0,0,0,0,0,0,0,0,0,0,0,0,0,0,0,0,0,0,0,0,0,0,0,0,0
2020-03-05,0,0,0,0,0,0,0,0,0,0,0,0,0,0,0,0,0,0,0,0,0,0,0,0,0,0,0,0,0,0,0,0,0
2020-03-06,0,0,0,0,0,0,0,0,0,0,0,0,0,0,0,0,0,0,0,0,0,0,0,0,0,0,0,0,0,0,0,0,0
2020-03-07,0,0,0,0,0,0,0,0,0,0,0,0,0,0,0,0,0,0,0,0,0,0,0,0,0,0,0,0,0,0,0,0,0
2020-03-08,0,0,0,0,0,0,0,0,0,0,0,0,0,0,0,0,0,0,0,0,0,0,0,0,0,0,0,0,0,0,0,0,0
2020-03-09,0,0,0,0,0,0,0,0,0,0,0,0,0,0,0,0,0,0,0,0,0,0,0,0,0,0,0,0,0,0,0,0,0
2020-03-10,0,0,0,0,0,0,0,0,0,0,0,0,0,0,0,0,0,0,0,0,0,0,0,0,0,0,0,0,0,0,0,0,0
2020-03-11,1,0,0,0,0,0,0,0,0,0,0,0,0,0,0,0,0,0,0,0,0,0,0,0,0,0,1,0,2,0,0,0,0
2020-03-12,2,0,0,0,0,0,0,0,0,0,0,0,0,0,0,0,0,0,0,0,0,0,0,0,0,0,2,0,2,0,0,0,0
2020-03-13,5,0,0,0,0,0,0,0,0,0,0,0,0,0,0,0,0,0,0,0,0,0,0,0,0,0,3,0,2,0,0,0,0
2020-03-14,6,0,0,0,0,0,0,0,0,0,0,0,0,0,0,0,0,0,0,0,0,0,0,2,0,0,3,0,2,0,0,0,0
2020-03-15,10,0,0,0,0,0,0,0,0,0,0,0,0,0,0,0,0,0,0,0,0,0,0,2,0,0,3,0,2,0,0,0,0
2020-03-16,14,0,0,0,0,0,0,0,0,0,0,0,0,0,0,0,0,0,0,0,0,0,0,2,0,0,3,0,2,0,0,0,0
2020-03-17,14,0,0,0,0,0,0,0,0,0,0,0,0,0,0,0,0,0,0,0,0,0,0,2,0,0,4,0,2,1,0,0,0
2020-03-18,17,0,0,0,0,0,0,0,0,0,0,0,0,0,0,0,0,0,0,0,0,0,0,2,0,0,6,0,2,1,0,0,0
2020-03-19,20,0,0,0,0,0,0,0,0,0,0,0,0,0,0,0,0,0,0,0,0,0,0,4,0,1,7,0,2,1,0,0,0
2020-03-20,23,0,0,0,0,0,0,1,0,0,0,0,0,0,0,0,0,1,0,0,0,0,0,6,0,1,7,0,2,2,0,0,0
2020-03-21,32,0,0,0,0,0,0,2,0,0,0,0,0,1,0,0,0,1,0,0,0,0,0,7,0,1,8,0,2,3,0,0,0
2020-03-22,34,0,0,0,0,0,0,4,0,0,0,0,0,1,0,0,0,2,0,0,0,0,0,7,1,1,10,0,2,3,0,0,0
2020-03-23,38,0,4,0,0,0,0,10,0,0,0,0,0,1,0,0,0,2,0,0,0,0,0,7,3,1,12,0,2,3,0,0,0
2020-03-24,43,0,4,1,0,1,0,13,0,0,0,0,0,1,0,0,0,3,0,0,0,0,0,7,7,1,14,0,2,3,0,0,0
2020-03-25,48,0,4,1,0,1,0,13,1,0,0,0,0,1,0,0,0,3,0,0,0,2,0,8,8,1,17,0,2,3,0,0,0
2020-03-26,55,0,4,1,0,1,0,16,1,0,0,0,0,1,0,0,0,3,0,0,0,2,0,10,14,1,22,0,2,3,0,0,0
2020-03-27,82,0,4,2,0,1,0,16,2,0,0,0,0,2,0,0,0,5,0,0,0,3,1,15,17,1,29,0,2,8,0,0,1
2020-03-28,93,0,7,2,0,1,0,17,3,0,0,0,0,2,0,0,0,5,0,0,0,3,1,15,18,1,30,0,2,9,0,0,1
2020-03-29,101,0,8,2,0,3,0,17,4,0,0,0,0,2,0,0,0,9,0,0,0,2,1,18,22,1,34,0,2,9,0,0,2
2020-03-30,117,0,10,2,0,3,0,18,4,0,0,0,0,2,0,0,0,12,0,0,0,3,1,23,27,1,38,0,3,10,3,0,5
2020-03-31,129,0,10,2,0,3,0,18,4,0,0,0,0,2,0,0,0,16,0,0,0,4,1,29,32,1,42,0,3,11,3,0,5
2020-04-01,148,1,10,4,0,5,0,21,4,1,0,0,0,2,0,0,0,20,0,1,0,4,1,32,37,1,48,0,3,12,3,0,5
2020-04-02,163,1,13,5,0,6,0,21,4,1,0,0,0,2,0,0,0,24,0,2,0,5,1,40,41,1,48,0,4,13,3,0,5
2020-04-03,202,1,13,8,0,6,0,22,4,1,0,0,0,2,0,0,0,32,0,2,0,5,1,66,50,1,52,0,4,13,3,0,5
2020-04-04,225,1,13,12,0,6,0,23,4,1,0,0,0,2,1,1,0,32,0,2,0,6,1,69,58,1,58,0,4,13,6,0,5
2020-04-05,246,1,13,14,0,6,0,29,4,1,0,0,0,2,1,2,0,40,0,3,0,6,1,103,58,1,62,0,5,13,6,0,7
2020-04-06,262,1,14,14,0,6,0,30,4,3,0,0,0,2,1,2,0,44,0,3,0,6,1,114,83,1,64,0,5,13,6,0,7
2020-04-07,307,1,15,15,0,8,0,35,4,4,0,0,0,2,1,2,0,55,0,3,0,6,1,128,107,1,66,0,5,14,7,0,7
2020-04-08,325,1,16,16,0,8,0,39,6,4,0,0,0,2,1,2,0,70,0,3,0,7,1,143,116,1,68,0,7,14,7,0,8
2020-04-09,369,1,18,21,1,9,0,44,6,4,0,0,0,2,1,4,0,84,0,3,0,7,1,174,126,1,70,0,9,15,8,0,11
2020-04-10,407,1,18,24,1,9,0,44,6,7,0,0,0,2,1,4,2,113,0,3,0,7,1,177,142,1,72,0,10,15,9,0,14
2020-04-11,422,1,19,25,1,9,0,49,6,8,0,0,0,2,1,4,2,140,0,3,1,7,1,199,149,1,74,0,11,15,9,0,15
2020-04-12,440,1,19,25,1,10,0,49,7,9,0,0,0,2,1,5,2,144,0,4,1,7,1,235,151,1,75,0,12,15,10,0,18
2020-04-13,455,1,19,25,2,10,0,50,7,10,0,0,0,2,1,5,2,191,0,3,1,7,1,244,173,1,76,0,14,15,10,0,20
2020-04-14,464,1,19,28,2,10,0,50,7,10,0,0,0,2,1,6,2,204,0,3,1,10,1,253,192,2,76,0,15,15,12,0,21
2020-04-15,477,1,19,29,2,10,0,54,7,11,0,0,0,2,1,6,2,242,0,3,1,10,1,262,200,2,78,0,16,15,12,0,21
2020-04-16,491,1,19,30,3,10,0,58,7,12,0,0,0,2,1,6,3,265,0,3,1,10,1,293,229,2,79,0,20,15,12,0,24
2020-04-17,514,1,21,32,4,10,0,65,9,13,0,0,0,2,1,6,3,316,0,3,1,10,1,301,243,2,80,0,20,15,12,0,26
2020-04-18,527,1,21,33,4,10,0,67,9,13,1,0,0,2,1,6,3,356,0,3,2,10,1,311,260,2,82,0,20,15,12,0,26
2020-04-19,542,1,21,33,4,10,0,69,9,13,1,0,0,2,1,6,3,363,0,3,2,10,1,315,275,2,83,0,20,15,12,0,29
2020-04-20,566,1,21,33,5,10,0,73,10,14,1,0,0,2,1,6,3,416,0,3,3,11,1,317,293,2,86,0,31,16,13,0,33
2020-04-21,585,1,21,35,5,10,0,76,10,14,1,0,0,2,2,6,3,460,0,3,3,11,1,322,314,2,88,0,34,16,13,0,34
2020-04-22,600,1,21,35,5,10,0,82,11,14,2,0,0,5,2,6,3,519,0,3,3,11,4,341,339,2,93,0,34,16,13,0,35
2020-04-23,631,1,22,38,5,10,0,88,11,14,3,1,0,8,2,6,3,573,0,5,4,11,4,345,390,2,96,0,38,17,13,0,38
2020-04-24,651,1,22,38,5,10,0,94,11,14,7,1,0,10,2,6,3,639,0,5,4,12,4,357,420,2,96,0,39,17,13,0,41
2020-04-25,670,1,22,39,5,11,0,110,11,14,12,1,0,10,2,6,3,708,0,5,4,12,6,365,435,2,96,0,40,17,13,1,41
2020-04-26,688,1,22,41,5,13,0,116,13,14,13,1,0,10,2,6,3,720,0,5,4,14,7,374,442,2,96,0,40,17,14,3,42
2020-04-27,694,1,22,41,5,12,0,126,12,14,13,1,0,10,2,6,3,778,0,5,4,14,7,378,463,2,96,0,40,17,14,3,42
2020-04-28,738,1,22,46,5,13,0,129,12,14,13,1,0,10,2,6,3,820,0,5,4,14,8,383,508,2,98,0,41,17,15,3,42
2020-04-29,765,1,22,47,5,13,0,130,12,14,14,1,0,10,2,6,4,953,0,5,4,14,8,385,576,2,98,1,42,17,15,3,44
2020-04-30,811,1,22,52,5,17,0,144,12,14,14,1,0,10,2,6,5,1027,0,5,4,14,9,389,621,2,100,1,42,18,15,3,45
2020-05-01,830,1,23,63,5,17,0,147,12,14,14,1,0,10,2,6,5,1064,0,5,4,18,9,396,637,2,100,1,43,19,15,3,47
2020-05-02,883,1,23,63,5,18,0,153,13,15,14,1,0,12,2,6,6,1116,0,6,4,22,9,410,710,2,107,1,43,19,16,3,49
2020-05-03,920,1,23,68,5,18,0,159,13,16,15,1,0,12,2,6,7,1144,0,6,4,24,10,416,736,2,107,1,45,20,16,3,50
2020-05-04,944,1,24,69,5,19,0,170,13,15,15,1,0,12,2,6,7,1233,0,8,4,24,10,421,781,2,108,1,46,20,16,3,50
2020-05-05,963,1,25,74,5,20,0,173,13,15,15,1,0,12,2,6,7,1274,0,8,4,24,10,426,806,3,108,1,48,20,17,3,53
2020-05-06,981,2,25,82,5,23,0,180,13,15,15,1,0,14,2,6,7,1337,0,9,4,24,11,432,844,4,110,1,48,20,17,3,55
2020-05-07,1012,2,26,82,5,26,0,197,13,15,15,1,0,14,2,6,7,1402,0,9,4,26,11,439,921,4,110,1,48,20,17,3,54
2020-05-08,1030,2,27,85,5,28,0,206,14,15,15,1,0,14,2,6,7,1460,0,15,4,27,11,451,989,5,110,1,48,20,17,3,55
2020-05-09,1050,2,27,86,5,29,0,212,14,15,15,1,0,14,2,6,7,1508,0,15,4,27,11,452,1015,6,110,1,48,20,18,3,55
2020-05-10,1073,2,27,86,5,29,0,232,14,15,15,1,0,15,2,6,7,1522,0,16,4,27,11,458,1034,6,111,1,48,20,18,3,55
2020-05-11,1086,2,27,86,5,31,0,256,14,15,15,1,0,15,2,6,8,1585,0,31,4,28,11,467,1107,7,112,1,49,20,18,3,57
2020-05-12,1111,2,28,89,5,32,0,256,14,15,17,1,0,15,2,6,8,1628,0,46,5,28,12,474,1149,7,112,1,49,21,19,3,57
2020-05-13,1124,2,30,95,5,34,0,260,14,15,17,1,0,15,2,6,8,1681,0,56,5,28,13,477,1203,7,113,1,49,22,19,3,59
2020-05-14,1149,2,30,102,5,34,0,270,17,16,17,1,0,15,2,6,8,1730,0,60,5,30,14,479,1237,7,113,1,49,22,19,3,60
2020-05-15,1180,2,30,102,5,36,0,281,17,16,19,1,0,15,2,6,8,1787,0,68,5,30,14,483,1274,9,114,1,49,23,19,3,63
2020-05-16,1194,2,30,103,5,40,0,293,17,16,19,1,0,15,3,6,8,1864,0,75,5,31,26,488,1316,10,122,1,49,22,19,3,64
2020-05-17,1210,2,30,104,5,41,0,305,17,16,19,1,0,16,3,6,8,1888,0,75,5,31,26,493,1344,10,123,1,49,22,19,3,66
2020-05-18,1218,2,31,105,5,41,0,320,17,16,19,1,1,18,3,6,8,1953,0,99,5,33,27,495,1376,10,124,1,49,23,19,3,68
2020-05-19,1225,2,31,110,5,43,0,330,17,16,19,1,1,18,3,6,8,1987,0,99,5,33,27,498,1408,10,126,1,49,22,20,3,69
2020-05-20,1254,2,32,113,5,44,0,333,17,16,19,1,1,18,3,6,8,2009,0,118,5,33,26,520,1432,10,127,1,49,22,20,3,70
2020-05-21,1273,2,34,115,5,44,0,373,17,16,19,1,1,21,3,6,8,2044,0,118,5,36,26,528,1451,10,127,1,49,22,20,3,70
2020-05-22,1313,2,35,124,5,45,0,381,17,16,19,1,1,21,3,6,8,2086,0,146,5,36,31,529,1490,10,129,1,49,22,20,3,71
2020-05-23,1326,2,36,124,5,46,0,402,17,16,19,1,1,23,3,6,8,2128,0,183,5,36,33,534,1533,11,130,1,49,23,21,3,70
2020-05-24,1337,2,39,131,5,46,0,418,18,16,19,1,1,23,3,6,8,2192,0,186,5,37,34,543,1558,11,132,1,49,24,22,3,73
2020-05-25,1347,2,40,131,5,46,0,434,19,16,19,1,1,24,3,6,7,2215,0,186,5,37,36,544,1581,15,133,1,49,24,22,3,73
2020-05-26,1362,2,42,132,5,49,0,439,19,15,20,1,1,24,2,6,7,2236,0,192,5,37,36,546,1605,15,133,1,49,24,48,3,74
2020-05-27,1383,2,42,136,5,50,0,450,19,15,20,1,1,24,2,6,7,2270,0,194,5,38,37,551,1642,14,137,1,49,24,50,3,74
2020-05-28,1434,2,42,138,5,51,0,453,21,15,20,1,1,24,2,6,7,2291,0,196,5,41,37,556,1662,14,138,1,50,24,50,3,74
2020-05-29,1445,2,44,141,5,52,0,460,20,15,20,1,1,26,2,6,8,2348,0,204,5,43,37,559,1692,15,137,1,50,25,50,4,75
2020-05-30,1464,2,45,143,5,51,0,471,20,15,20,1,1,26,2,6,8,2406,0,211,5,44,38,566,1715,15,140,1,50,25,50,4,74
2020-05-31,1476,2,47,145,5,52,0,477,22,15,20,1,1,26,2,6,8,2415,0,215,5,47,40,568,1733,15,142,1,50,24,50,4,75
2020-06-01,1486,2,50,145,5,53,0,487,24,15,20,1,1,26,2,6,8,2451,0,215,5,48,42,568,1771,15,144,1,51,29,50,4,75
2020-06-02,1499,2,51,147,5,55,0,490,23,15,20,1,1,26,4,6,9,2480,0,331,5,49,41,572,1813,15,149,1,52,30,50,4,78
2020-06-03,1524,2,50,149,5,56,0,499,23,15,20,1,1,26,5,6,10,2515,0,356,5,52,41,575,1821,15,151,1,52,30,50,4,80
2020-06-04,1543,2,51,150,5,57,0,520,26,15,20,1,1,26,5,6,9,2542,0,467,5,52,42,578,1842,15,151,1,54,31,51,4,81
2020-06-05,1559,2,50,154,5,62,0,546,28,15,20,1,1,29,5,6,11,2617,0,597,5,54,42,579,1893,15,151,1,54,31,52,5,82
2020-06-06,1575,2,49,161,5,62,0,569,30,15,20,1,1,29,5,6,11,2657,0,600,5,54,42,585,1923,15,151,1,55,31,53,5,82
2020-06-07,1592,2,49,168,5,62,0,581,35,15,20,1,1,29,5,6,12,2694,0,601,5,54,42,597,1966,15,156,1,55,31,53,5,82
2020-06-08,1600,2,49,170,5,64,0,598,38,15,20,1,1,32,5,6,12,2746,0,601,5,57,45,600,1990,16,156,1,55,31,53,5,82
2020-06-09,1612,2,48,171,5,64,0,600,38,15,20,1,1,33,5,6,12,2757,0,604,4,57,45,604,1999,16,159,1,55,31,53,5,82
2020-06-10,1623,2,50,172,6,68,0,626,42,15,20,1,1,34,5,6,12,2807,0,604,4,59,46,604,2034,16,161,3,55,31,53,5,85
2020-06-11,1652,2,52,175,6,68,0,643,45,16,20,1,1,35,5,6,20,2822,0,623,4,60,51,607,2043,16,162,3,55,31,52,5,87
2020-06-12,1669,2,53,183,5,71,0,648,46,17,20,1,2,38,5,6,21,2870,0,644,4,60,53,609,2081,16,166,3,55,32,53,5,88
2020-06-13,1682,2,56,186,7,77,0,656,46,16,20,1,3,41,5,6,27,2896,0,654,4,60,53,616,2083,16,171,4,55,32,53,5,88
2020-06-14,1693,2,59,187,7,81,0,669,47,16,20,1,3,42,6,7,28,2912,0,653,4,60,53,630,2098,16,171,4,55,32,53,5,90
2020-06-15,1705,2,59,188,8,83,0,668,47,16,20,1,20,44,6,7,30,2936,0,697,4,59,53,634,2123,16,174,4,55,33,58,5,90
2020-06-16,1733,2,59,189,8,89,0,670,48,16,20,1,23,49,6,7,33,2949,0,700,4,59,53,642,2129,16,179,4,55,33,58,5,94
2020-06-17,1752,2,61,189,8,92,0,687,48,16,20,1,23,55,6,7,33,2968,0,739,4,61,53,651,2140,16,183,4,55,33,58,5,95
2020-06-18,1763,2,61,191,8,97,0,696,49,16,20,1,23,55,7,7,45,2987,0,742,5,66,54,656,2148,18,185,5,55,33,58,5,95
2020-06-19,1777,2,64,197,8,101,0,703,49,16,20,1,26,58,7,7,48,3009,0,749,5,73,54,662,2165,18,189,5,55,33,58,5,96
2020-06-20,1792,2,64,197,9,108,0,711,51,16,20,1,26,66,7,7,50,3041,0,813,5,79,53,672,2173,18,194,5,55,33,60,5,97
2020-06-21,1805,2,64,199,9,110,0,729,53,17,20,1,28,67,7,7,55,3073,0,812,5,79,53,675,2183,18,197,5,56,33,60,5,97
2020-06-22,1828,2,66,200,9,111,0,745,56,17,20,1,39,75,7,7,56,3105,0,854,5,79,54,681,2194,18,202,7,58,35,60,5,98
2020-06-23,1848,2,65,201,9,115,0,751,58,17,20,1,39,79,7,7,58,3155,0,854,5,82,53,685,2235,18,203,7,58,35,62,5,98
2020-06-24,1879,2,69,203,9,123,0,771,61,17,20,1,39,86,8,7,58,3179,0,869,5,86,54,693,2250,18,204,7,58,37,72,6,99
2020-06-25,1937,2,71,207,9,125,0,817,63,17,20,1,40,89,9,7,64,3215,0,871,5,89,55,701,2268,18,207,9,59,37,74,6,100
2020-06-26,1987,2,79,209,9,132,0,853,62,17,20,1,39,94,11,7,65,3287,0,872,6,91,55,706,2276,20,211,11,59,38,73,7,102
2020-06-27,2021,2,79,210,9,136,0,879,66,18,20,1,46,100,11,7,68,3309,0,872,6,93,55,713,2357,20,219,12,59,39,73,7,105
2020-06-28,2064,2,83,214,9,142,0,906,69,18,20,1,46,106,11,8,73,3336,0,886,6,93,57,716,2392,21,229,12,59,40,74,7,109
2020-06-29,2109,2,89,214,9,153,0,940,78,18,20,1,49,113,11,8,77,3347,0,889,6,96,57,720,2405,21,235,12,60,40,75,7,121
2020-06-30,2143,2,94,215,9,163,0,960,80,18,20,1,49,132,11,8,79,3375,0,895,6,98,59,728,2422,21,238,11,60,42,75,7,126
2020-07-01,2178,2,95,215,9,165,0,968,82,19,20,1,49,134,11,8,80,3395,0,898,6,101,59,731,2460,21,241,12,60,43,75,8,130
2020-07-02,2277,2,100,217,10,182,0,1010,84,20,20,1,54,142,12,8,82,3408,0,900,6,105,62,740,2472,22,247,13,60,43,75,8,138
2020-07-03,2331,2,105,224,10,186,0,1050,92,21,20,1,54,147,13,8,93,3450,0,911,6,106,68,753,2494,22,254,13,60,46,86,8,142
2020-07-04,2410,2,112,234,10,190,0,1105,102,22,20,1,58,172,13,8,97,3483,0,919,6,106,70,761,2515,22,260,14,60,48,89,8,146
2020-07-05,2471,2,120,236,9,193,0,1139,103,24,20,1,59,187,13,8,101,3502,0,919,6,106,71,761,2542,22,268,14,60,48,91,8,152
2020-07-06,2531,2,127,244,9,199,0,1222,104,24,20,1,60,204,14,9,104,3514,0,923,7,110,72,769,2560,22,276,14,61,49,91,8,157
2020-07-07,2618,2,133,245,9,201,0,1244,107,24,20,1,61,211,14,11,112,3525,0,927,8,119,74,776,2594,23,284,14,61,49,91,8,161
2020-07-08,2717,2,147,246,9,207,0,1296,116,27,20,1,62,223,16,11,113,3548,0,934,9,124,74,793,2612,23,294,14,61,51,90,8,169
2020-07-09,2816,2,151,247,9,227,0,1317,122,29,20,1,64,230,18,11,113,3567,0,937,12,128,76,802,2628,23,303,14,61,51,90,8,174
2020-07-10,2886,2,158,248,9,235,0,1361,125,30,20,1,72,262,19,11,115,3600,1,942,12,136,78,813,2659,25,323,14,62,51,90,8,181
2020-07-11,2966,3,160,250,9,247,0,1389,138,32,20,1,72,269,22,11,122,3614,2,944,14,137,78,821,2687,25,329,14,63,52,90,8,184
2020-07-12,3076,3,162,252,9,251,0,1415,140,33,20,1,72,280,24,12,122,3634,3,948,16,139,79,838,2711,26,338,14,64,53,92,8,193
2020-07-13,3134,3,179,254,9,262,0,1498,144,35,20,1,74,285,24,12,128,3657,3,950,16,139,79,847,2731,27,342,16,66,57,92,8,199
2020-07-14,3200,3,184,256,9,267,0,1547,150,41,20,1,75,291,25,13,132,3679,2,954,17,140,81,853,2742,28,353,16,65,59,92,14,205
2020-07-15,3362,3,186,259,10,271,0,1582,154,44,20,1,75,299,29,13,133,3689,2,956,19,147,83,867,2766,28,381,17,65,61,92,14,213
2020-07-16,3464,4,188,262,10,282,0,1621,167,46,24,1,76,322,32,14,135,3709,2,961,19,156,83,883,2782,29,390,17,64,65,92,14,224
2020-07-17,3578,4,189,262,11,291,0,1656,168,47,24,1,77,333,32,14,140,3724,3,968,22,193,84,895,2808,30,397,17,63,69,92,14,250
2020-07-18,3679,4,197,262,11,301,0,1699,173,47,24,1,78,343,34,14,144,3743,3,975,22,195,86,905,2829,31,408,19,64,69,93,14,269
2020-07-19,3775,4,197,265,11,302,0,1728,181,49,24,1,78,378,36,14,145,3754,3,977,22,199,89,919,2834,32,418,20,65,69,94,14,274
2020-07-20,3861,4,212,270,11,316,0,1748,187,53,24,1,78,379,38,14,155,3767,3,981,24,205,92,933,2842,34,434,21,67,71,94,14,282
2020-07-21,3920,4,223,274,11,327,0,1797,196,55,26,1,80,411,41,16,165,3783,3,988,26,251,92,942,2861,34,437,21,67,71,94,14,286
2020-07-22,4005,4,229,281,11,328,0,1849,202,59,26,1,81,431,44,16,168,3818,6,999,28,256,95,957,2869,36,457,21,67,74,94,14,302
2020-07-23,4131,4,235,286,11,335,0,1875,207,63,27,1,84,467,47,16,175,3844,6,1007,28,261,101,972,2890,35,463,22,68,81,95,17,309
2020-07-24,4227,4,252,291,11,345,0,1917,213,64,27,1,85,481,64,16,183,3868,6,1018,28,267,104,983,2901,36,475,22,68,82,95,22,319
2020-07-25,4318,4,260,299,12,357,0,1979,217,63,28,1,85,508,68,16,185,3896,6,1034,30,271,108,994,2910,37,483,25,68,83,95,22,326
2020-07-26,4405,4,267,301,12,379,0,2001,221,63,29,1,85,525,75,16,190,3909,6,1050,31,275,110,1009,2915,39,498,26,71,84,95,24,337
2020-07-27,4466,4,270,479,13,395,0,2075,225,63,29,1,85,548,75,17,197,3921,6,1062,31,280,117,1018,2926,39,511,26,71,86,99,24,343
2020-07-28,4542,4,289,469,13,410,0,2093,233,65,31,1,85,573,79,17,215,3934,6,1068,31,281,122,1032,2946,40,525,27,71,87,101,25,357
2020-07-29,4627,4,300,576,13,426,0,2129,236,65,31,1,85,583,88,17,218,3942,6,1071,31,285,131,1049,2964,40,536,28,71,89,102,25,367
2020-07-30,4688,4,317,588,13,431,0,2150,239,66,31,1,85,600,91,18,220,3977,6,1074,31,292,134,1063,2986,41,551,28,73,91,102,26,371
2020-07-31,4735,4,334,601,13,453,0,2182,242,66,31,1,85,609,97,20,223,3988,6,1078,31,293,139,1070,2994,41,562,28,73,94,102,26,379
2020-08-01,4800,4,348,603,13,459,0,2189,247,67,31,1,88,630,99,20,225,3999,6,1079,31,294,140,1082,2999,41,577,29,73,96,102,28,382
2020-08-02,4860,4,362,619,14,480,0,2225,253,67,31,1,88,645,105,20,226,4002,6,1081,32,294,141,1095,3002,42,596,29,73,98,103,28,394
2020-08-03,4879,4,367,626,14,483,0,2251,258,68,31,1,88,660,109,20,235,4004,6,1085,33,296,142,1096,3003,42,598,30,73,99,103,28,398
2020-08-04,4947,4,384,631,14,493,0,2283,267,68,31,1,88,683,110,20,238,4009,6,1090,34,298,144,1104,3008,42,603,30,73,99,103,29,406
2020-08-05,4989,4,395,640,15,506,0,2326,269,70,31,1,88,711,113,20,240,4025,6,1092,34,306,152,1111,3017,42,611,31,73,102,103,29,414
2020-08-06,5029,5,411,647,16,516,0,2359,278,71,31,1,89,733,117,20,241,4033,6,1096,34,312,157,1117,3026,42,619,31,73,106,104,29,424
2020-08-07,5059,5,419,671,17,533,0,2409,284,71,31,1,89,744,118,20,241,4037,6,1099,34,313,160,1126,3037,42,627,31,72,106,104,30,429
2020-08-08,5089,5,435,679,18,541,0,2428,293,71,31,1,90,755,125,21,247,4043,6,1101,34,316,161,1126,3040,43,638,32,73,108,104,30,431
2020-08-09,5136,5,457,683,18,552,0,2458,301,71,31,1,90,780,128,22,254,4046,6,1101,34,318,164,1133,3044,43,651,32,74,108,104,31,439
2020-08-10,5161,5,462,686,18,558,0,2477,306,71,31,1,90,802,128,23,254,4057,6,1103,34,318,166,1137,3047,44,655,32,75,109,104,31,453
2020-08-11,5196,5,475,689,18,564,0,2528,318,71,32,1,90,834,130,23,255,4067,6,1103,34,318,167,1142,3064,45,659,32,75,109,105,31,457
2020-08-12,5226,5,485,689,18,569,0,2565,336,71,32,1,90,867,130,24,254,4077,6,1104,37,319,168,1146,3069,46,661,32,75,112,105,31,466
2020-08-13,5264,5,504,692,18,575,0,2583,350,72,32,1,90,880,144,24,255,4087,6,1104,41,323,169,1149,3072,46,673,32,75,112,106,31,471
2020-08-14,5303,6,518,696,18,583,0,2613,352,72,32,1,90,894,150,24,256,4104,6,1104,44,323,170,1152,3084,51,682,32,75,114,106,31,474
2020-08-15,5318,6,527,699,18,591,0,2629,364,72,32,1,90,907,151,24,257,4120,6,1107,47,327,175,1158,3093,53,687,34,75,115,107,31,481
2020-08-16,5337,6,538,700,18,594,0,2641,373,72,32,2,90,926,155,24,257,4121,6,1109,50,326,175,1158,3102,53,696,34,75,115,107,31,485
2020-08-17,5365,6,544,708,18,597,0,2651,376,72,32,2,93,934,157,24,257,4125,6,1109,50,326,175,1161,3104,55,702,34,75,115,107,31,489
2020-08-18,5383,5,548,710,19,603,0,2659,379,72,32,2,93,946,157,23,257,4131,6,1111,51,327,176,1162,3106,55,712,34,75,116,107,31,491
2020-08-19,5416,5,567,713,19,611,0,2675,394,72,32,2,93,969,160,24,259,4134,6,1111,51,331,177,1172,3116,56,724,34,75,116,107,32,493
2020-08-20,5474,5,581,719,19,619,0,2696,397,75,32,2,93,995,161,24,263,4141,6,1112,58,336,185,1176,3123,58,737,36,75,115,107,32,499
2020-08-21,5502,5,593,720,19,621,0,2710,408,76,32,2,93,1014,162,24,264,4148,6,1113,60,343,188,1181,3131,61,749,36,76,115,107,32,504
2020-08-22,5526,5,607,712,19,636,0,2695,414,74,34,2,93,1021,162,24,261,4119,6,1110,61,344,193,1176,3116,62,754,36,76,114,107,30,511
2020-08-23,5601,5,622,720,19,638,0,2727,417,76,33,2,93,1040,164,24,269,4157,6,1115,60,345,191,1194,3146,67,778,37,76,115,107,32,518
2020-08-24,5619,5,625,721,19,640,0,2737,426,76,33,2,93,1049,164,24,273,4159,6,1116,60,347,191,1199,3149,67,781,37,76,116,107,32,520
2020-08-25,5633,5,627,722,19,645,0,2744,433,76,33,2,93,1052,164,24,273,4164,6,1117,60,349,191,1202,3158,67,786,37,76,116,107,32,522
2020-08-26,5668,5,647,725,19,650,0,2763,457,76,32,2,93,1080,164,24,275,4167,6,1118,60,352,194,1230,3162,75,792,37,77,116,107,32,527
2020-08-27,5721,5,663,725,19,655,0,2783,466,78,32,2,97,1088,166,25,307,4170,6,1118,60,353,195,1234,3167,77,807,37,77,116,107,32,532
2020-08-28,5743,5,679,725,19,660,0,2804,476,79,32,2,97,1101,166,27,311,4178,6,1119,60,353,198,1236,3177,77,810,37,77,115,107,32,534
2020-08-29,5773,5,694,726,19,667,0,2824,482,79,32,2,97,1112,166,27,314,4193,6,1119,62,353,200,1240,3186,78,815,37,77,115,107,32,538
2020-08-30,5795,5,722,726,19,671,0,2830,486,79,32,2,97,1130,168,27,315,4195,6,1119,62,358,201,1246,3187,78,819,37,77,115,107,32,539
2020-08-31,5809,5,727,727,19,672,0,2838,492,82,32,2,98,1135,169,27,316,4203,6,1120,63,358,201,1247,3192,81,822,37,77,115,107,32,541
2020-09-01,5838,5,731,727,19,675,0,2870,500,83,32,2,98,1136,171,27,316,4213,6,1124,62,358,201,1254,3194,82,824,38,77,115,107,32,543
2020-09-02,5861,8,754,727,20,680,0,2903,513,84,32,2,98,1155,171,27,316,4223,6,1126,62,359,204,1255,3199,83,829,38,78,116,107,32,544
2020-09-03,5898,9,776,728,22,694,0,2931,545,84,32,2,98,1174,173,27,321,4229,6,1129,63,361,205,1257,3201,85,840,38,78,118,107,32,549
2020-09-04,5914,9,787,728,23,703,0,2944,553,84,32,2,98,1182,173,27,321,4230,6,1129,64,361,206,1259,3206,86,850,38,78,118,107,32,552
2020-09-05,5937,11,800,728,24,705,0,2955,575,87,32,2,98,1196,175,27,339,4239,6,1129,64,367,210,1261,3209,86,858,38,78,118,107,32,555
2020-09-06,5947,11,815,727,24,707,0,2961,578,87,32,2,98,1202,175,27,339,4240,6,1129,64,369,210,1262,3214,87,865,38,78,118,107,32,556
2020-09-07,5958,11,816,727,24,706,0,2966,580,88,32,2,98,1208,175,27,341,4244,6,1130,64,369,210,1262,3218,87,867,38,78,118,107,32,555
2020-09-08,5979,11,820,726,23,707,0,2966,584,89,32,2,98,1209,175,27,342,4244,6,1130,64,370,210,1262,3220,87,869,38,78,118,107,32,556
2020-09-09,5985,11,836,726,23,713,0,2983,588,90,32,2,98,1216,175,28,345,4250,6,1131,65,370,214,1266,3223,87,872,38,78,119,107,32,557
2020-09-10,6012,11,867,729,23,715,1,3000,609,97,32,2,98,1229,176,29,350,4252,6,1131,66,369,219,1271,3227,89,883,38,78,122,107,32,557
2020-09-11,6024,11,907,729,23,722,1,3012,613,98,32,2,98,1243,176,29,354,4259,6,1135,69,371,225,1277,3230,89,889,38,78,124,107,32,560
2020-09-12,6038,11,918,731,23,722,2,3031,619,98,32,2,98,1251,177,29,358,4264,7,1142,69,373,229,1281,3233,89,894,38,78,124,107,32,561
2020-09-13,6056,11,947,732,23,724,2,3037,624,99,32,2,98,1265,177,29,357,4266,7,1142,69,374,230,1289,3233,91,899,39,78,124,108,32,563
2020-09-14,6077,11,956,732,24,724,2,3042,625,99,32,2,98,1279,177,29,372,4266,7,1145,69,374,230,1292,3233,91,910,39,78,124,108,32,563
2020-09-15,6093,11,965,732,25,727,1,3049,631,99,32,2,98,1283,178,29,377,4278,7,1146,69,375,231,1297,3233,91,914,39,78,125,108,32,564
2020-09-16,6107,11,975,733,25,729,1,3058,645,99,33,2,98,1303,178,29,377,4280,7,1146,69,378,246,1300,3243,91,924,39,82,128,108,32,564
2020-09-17,6144,11,993,736,26,730,1,3079,654,100,33,2,99,1318,179,29,388,4285,7,1148,70,381,252,1309,3245,91,933,40,82,128,108,32,566
2020-09-18,6172,9,1004,733,27,737,1,3096,670,109,34,2,99,1335,180,31,395,4290,7,1150,71,382,258,1311,3248,93,940,41,82,129,108,32,574
2020-09-19,6198,9,1014,735,27,740,1,3128,686,109,34,2,99,1339,186,31,401,4292,7,1152,71,383,266,1313,3257,93,940,42,88,129,109,32,581
2020-09-20,6206,9,1028,735,27,740,1,3140,694,108,34,2,99,1346,189,31,401,4292,7,1152,73,384,267,1313,3262,94,943,42,89,129,109,32,583
2020-09-21,6226,9,1040,733,27,743,1,3158,699,108,34,2,99,1371,189,31,408,4295,7,1153,73,386,268,1314,3266,94,958,42,89,131,109,32,588
2020-09-22,6247,9,1044,735,27,744,1,3176,713,110,34,2,99,1379,189,31,409,4300,7,1152,73,386,270,1315,3276,103,961,43,91,131,110,32,591
2020-09-23,6270,9,1066,742,29,759,1,3210,735,112,34,2,99,1397,196,32,411,4304,7,1156,74,386,275,1320,3280,103,962,44,97,133,110,32,600
2020-09-24,6327,9,1082,744,29,769,1,3239,758,119,34,2,99,1413,199,32,416,4311,7,1160,74,390,280,1329,3295,105,971,44,101,138,110,32,605
2020-09-25,6381,9,1116,744,30,779,1,3297,785,120,34,2,99,1430,208,33,418,4316,7,1166,74,391,281,1339,3307,98,980,45,102,139,115,32,609
2020-09-26,6422,9,1150,751,30,787,1,3336,795,120,34,2,99,1442,211,33,419,4317,7,1171,74,395,282,1343,3321,100,994,46,103,141,116,32,609
2020-09-27,6452,9,1159,751,36,790,1,3355,824,120,34,2,99,1460,211,33,419,4322,7,1172,74,397,282,1351,3327,100,1005,46,103,143,116,32,611
2020-09-28,6499,9,1164,749,36,801,1,3374,826,124,34,2,99,1462,211,33,422,4335,7,1173,74,399,282,1357,3336,100,1015,46,105,144,118,32,614
2020-09-29,6547,9,1192,752,36,818,1,3399,839,124,34,2,99,1468,212,33,422,4338,7,1177,74,400,282,1367,3341,100,1022,46,106,145,118,32,615
2020-09-30,6607,9,1222,755,36,851,1,3440,861,124,34,2,101,1497,215,33,424,4343,7,1179,74,400,285,1375,3359,101,1029,47,107,146,120,32,619
2020-10-01,6660,9,1261,760,36,854,1,3488,875,128,34,1,101,1515,219,33,425,4346,7,1180,75,401,289,1380,3366,101,1033,47,109,148,121,32,626
2020-10-02,6757,9,1293,772,39,881,1,3533,891,129,34,1,101,1541,220,33,439,4353,7,1185,75,403,290,1396,3375,101,1050,48,110,148,124,32,629
2020-10-03,6831,9,1325,773,39,901,1,3600,906,130,34,1,102,1563,221,34,445,4355,7,1189,76,404,300,1403,3380,102,1063,49,112,148,124,32,637
2020-10-04,6878,9,1346,774,39,908,1,3646,911,131,34,1,102,1574,223,35,445,4355,7,1189,76,404,304,1405,3388,103,1082,49,115,148,124,32,638
2020-10-05,6928,9,1356,775,39,919,1,3690,911,131,34,1,102,1575,225,35,449,4356,7,1190,77,404,306,1419,3392,104,1084,50,117,148,124,33,641
2020-10-06,7065,9,1368,775,39,930,1,3725,934,132,34,1,102,1594,226,36,451,4367,7,1194,77,404,310,1425,3411,105,1094,50,118,148,127,33,655
2020-10-07,7185,9,1403,775,40,950,1,3795,961,134,34,1,103,1626,237,36,458,4375,7,1198,77,406,322,1442,3421,107,1125,50,124,149,128,34,659
2020-10-08,7286,9,1428,780,40,1015,1,3851,975,136,36,1,104,1636,244,36,464,4384,7,1203,77,410,327,1455,3431,111,1145,54,126,151,128,39,666
2020-10-09,7420,9,1469,788,40,1025,1,3930,1003,140,36,1,106,1672,246,36,482,4396,8,1208,77,414,333,1484,3449,112,1164,57,137,153,132,42,671
2020-10-10,7584,9,1507,794,40,1068,1,4002,1018,143,36,1,106,1683,250,37,490,4405,9,1227,79,416,343,1511,3460,115,1174,64,139,154,133,42,682
2020-10-11,7682,9,1533,800,41,1080,1,4039,1019,146,36,1,108,1710,260,37,492,4409,9,1230,79,419,345,1519,3462,115,1182,64,141,154,133,42,686
2020-10-12,7808,9,1551,800,41,1093,1,4120,1040,146,37,1,108,1724,260,37,507,4420,9,1239,79,422,344,1535,3474,120,1200,67,141,160,133,42,694
2020-10-13,7926,9,1561,805,41,1117,1,4171,1046,147,37,1,108,1743,262,37,509,4429,9,1243,80,425,350,1556,3483,123,1241,67,144,161,135,42,704
2020-10-14,8126,9,1627,808,41,1136,3,4280,1064,151,37,1,108,1759,263,37,514,4435,10,1257,80,427,359,1594,3508,125,1258,67,148,162,135,42,719
2020-10-15,8428,9,1664,813,41,1155,1,4371,1089,156,37,1,111,1788,267,37,528,4449,12,1263,86,428,365,1622,3536,128,1275,67,148,164,135,42,742
2020-10-16,8605,9,1687,821,41,1231,1,4536,1125,159,37,1,111,1843,283,37,558,4454,13,1317,86,432,373,1664,3565,132,1313,73,155,165,135,43,765
2020-10-17,8794,9,1710,824,41,1265,1,4651,1161,161,37,1,111,1860,293,37,579,4461,14,1323,86,438,377,1688,3575,139,1341,74,165,167,137,43,780
2020-10-18,8943,9,1737,830,41,1274,1,4718,1173,164,37,1,111,1886,296,38,611,4467,14,1327,86,443,380,1719,3583,143,1369,75,170,168,137,43,794
2020-10-19,9066,9,1766,834,41,1293,1,4821,1193,168,37,1,111,1939,307,38,631,4476,14,1345,87,454,389,1730,3599,147,1380,75,183,174,137,43,813
2020-10-20,9218,9,1791,843,41,1338,1,4958,1214,169,37,1,112,1957,309,40,648,4492,14,1375,93,457,392,1748,3629,150,1412,76,188,175,137,44,828
2020-10-21,9503,9,1816,865,41,1367,1,5129,1256,171,38,1,112,1996,315,40,661,4502,14,1393,95,460,402,1772,3653,151,1475,80,191,181,137,44,844
2020-10-22,9685,9,1846,877,42,1397,1,5227,1302,172,39,1,112,2034,336,40,685,4509,14,1402,95,464,418,1825,3674,152,1492,89,197,182,138,44,877
2020-10-23,9880,9,1874,883,43,1451,1,5363,1339,178,40,1,112,2075,349,41,719,4539,14,1424,98,476,432,1862,3688,159,1547,89,203,191,139,44,905
2020-10-24,10130,9,1921,899,44,1471,1,5486,1359,183,41,1,113,2126,357,42,760,4571,14,1482,99,480,438,1904,3719,162,1595,96,212,201,142,44,938
2020-10-25,10284,9,1963,912,44,1503,1,5690,1398,184,41,1,118,2171,362,43,805,4596,14,1517,100,483,441,1932,3734,170,1632,101,226,209,143,44,992
2020-10-26,10452,9,2001,913,44,1548,1,5883,1423,186,41,1,118,2190,369,44,864,4616,14,1529,101,488,449,1949,3756,171,1674,104,228,224,143,44,1009
2020-10-27,10589,10,2016,918,44,1555,1,6046,1437,187,42,1,117,2198,373,44,959,4627,14,1545,101,493,452,1981,3779,171,1693,109,231,224,143,44,1025
2020-10-28,10857,10,2035,924,45,1568,2,6144,1481,187,42,1,117,2220,380,47,976,4649,14,1551,102,501,463,2000,3788,175,1741,110,237,228,143,45,1043
2020-10-29,11116,10,2066,960,45,1596,2,6391,1505,191,43,1,122,2287,384,48,1082,4674,15,1567,104,513,469,2040,3805,182,1793,116,248,245,144,46,1094
2020-10-30,11451,10,2095,988,46,1615,2,6640,1522,194,46,1,122,2312,387,48,1123,4707,15,1588,106,520,478,2076,3833,186,1837,119,258,255,148,46,1135
2020-10-31,11636,10,2134,1002,46,1633,2,6765,1531,197,47,1,124,2318,393,49,1140,4729,15,1595,106,530,481,2106,3850,187,1869,127,262,261,148,46,1150
2020-11-01,11859,10,2170,1011,46,1650,2,6875,1582,206,47,1,125,2329,395,50,1158,4752,15,1612,112,543,493,2131,3861,196,1903,130,270,262,156,50,1230
2020-11-02,12102,10,2181,1029,46,1703,3,7095,1591,209,48,1,127,2345,398,50,1179,4799,15,1626,113,549,513,2165,3891,200,1965,137,278,272,163,50,1251
2020-11-03,12362,10,2288,1047,48,1730,3,7365,1610,215,48,1,127,2430,405,53,1215,4822,15,1637,114,558,532,2202,3914,203,2099,138,282,273,164,55,1275
2020-11-04,12627,10,2338,1091,49,1754,2,7558,1663,220,48,1,129,2483,410,58,1250,4860,15,1662,117,574,541,2236,3964,209,2144,141,289,292,165,55,1296
2020-11-05,12828,10,2398,1119,49,1799,3,7693,1705,223,50,1,129,2513,412,60,1301,4886,16,1672,117,588,553,2273,3991,214,2209,147,296,305,167,56,1327
2020-11-06,13170,10,2484,1129,52,1850,3,7953,1734,227,53,1,130,2551,421,62,1338,4911,17,1696,119,616,579,2340,4025,221,2305,151,310,311,172,56,1397
2020-11-07,13493,10,2606,1137,56,1886,4,8157,1774,232,54,1,130,2607,427,63,1363,4988,17,1747,124,630,596,2410,4096,226,2369,158,312,332,175,57,1434
2020-11-08,13768,10,2771,1152,63,1974,5,8301,1853,238,57,1,131,2675,444,67,1377,5008,18,1756,129,641,618,2446,4112,238,2497,160,324,340,178,57,1472
2020-11-09,14226,10,2828,1170,65,2025,8,8501,1907,247,59,1,133,2750,461,70,1413,5044,18,1812,135,651,628,2539,4164,245,2587,163,330,360,182,57,1500
2020-11-10,14528,11,2893,1193,69,2076,16,8722,1967,252,62,1,134,2825,472,75,1442,5079,18,1843,135,668,648,2639,4198,250,2677,164,336,366,188,60,1540
2020-11-11,14943,12,3001,1237,74,2115,19,9064,2009,254,65,1,136,2880,485,76,1455,5148,19,1857,137,687,657,2699,4254,256,2770,167,353,385,195,60,1564
2020-11-12,15548,13,3065,1272,77,2198,21,9383,2049,271,66,4,139,2949,495,82,1468,5166,19,1865,140,721,680,2788,4289,266,2904,174,364,406,198,60,1636
2020-11-13,15864,14,3173,1295,79,2237,22,9602,2077,279,69,4,142,2992,502,84,1495,5179,19,1879,140,734,693,2872,4330,275,3036,178,370,419,202,62,1688
2020-11-14,16194,14,3234,1327,82,2283,23,9795,2100,286,69,4,143,3049,510,85,1517,5232,19,1885,148,756,706,2934,4369,281,3093,184,383,446,208,64,1748
2020-11-15,16449,14,3284,1378,1,2317,23,9960,2131,292,78,4,143,3076,518,87,1528,5276,20,1905,150,770,723,2984,4436,285,3186,196,393,458,209,65,1776
2020-11-16,16821,15,3372,1393,92,2358,24,10164,2178,304,78,4,148,3116,523,87,1542,5328,20,1951,153,788,733,3041,4476,291,3278,200,405,469,219,68,1815
2020-11-17,17433,17,3480,1454,101,2428,25,10503,2251,329,81,4,148,3220,542,93,1579,5364,22,1995,156,837,752,3158,4516,294,3423,202,435,501,233,71,1912
2020-11-18,18425,22,3671,1505,111,2516,27,10941,2297,348,133,4,148,3343,557,98,1613,5438,25,2045,161,885,768,3338,4561,304,3619,211,446,537,235,71,2049
2020-11-19,19541,25,3782,1596,120,2601,27,11441,2364,366,137,4,154,3499,585,103,1667,5647,29,2110,169,967,793,3606,4707,328,3896,220,472,589,240,151,2180
2020-11-20,20539,29,3947,1668,128,2705,30,11720,2436,397,144,4,157,3572,606,106,1694,5778,31,2221,178,1028,843,3797,4807,340,4069,227,494,636,249,169,2349
2020-11-21,21178,32,4065,1726,131,2790,32,12010,2508,414,146,4,158,3685,637,110,1745,5990,32,2246,193,1055,863,3946,4935,347,4189,237,510,652,270,170,2434
2020-11-22,21885,33,4146,1790,135,2835,32,12225,2587,434,153,4,166,3827,668,111,1794,6180,33,2301,198,1087,890,4107,5126,368,4306,266,530,674,285,180,2540
2020-11-23,22624,33,4209,1884,146,2935,32,12427,2624,440,158,5,170,3857,680,114,1810,6348,33,2315,209,1118,914,4230,5274,375,4524,276,542,694,293,190,2665
2020-11-24,23162,33,4317,1950,160,2976,38,12629,2721,441,173,5,171,3975,692,120,1836,6532,34,2363,211,1159,922,4404,5399,384,4606,286,560,727,319,199,2743
2020-11-25,23734,34,4439,1972,171,3012,38,12851,2755,447,181,5,175,4073,714,122,1854,6648,34,2391,217,1196,943,4535,5515,386,4718,291,569,755,321,201,2805
2020-11-26,24393,34,4505,1985,174,3038,41,13034,2784,460,186,6,179,4127,744,124,1861,6748,34,2408,218,1221,955,4655,5632,394,4802,294,575,763,326,213,2883
2020-11-27,25134,34,4591,2043,195,3084,42,13151,2839,464,186,6,181,4218,752,129,1886,6846,35,2416,219,1248,961,4823,5753,402,4942,322,591,794,337,215,3013
2020-11-28,25847,35,4753,2060,202,3124,43,13367,2933,484,191,6,183,4308,764,132,1935,6955,35,2450,226,1267,972,4988,5835,407,5068,331,606,802,339,219,3115
2020-11-29,26194,36,4888,2096,213,3157,44,13533,2952,499,209,6,185,4375,778,142,1946,7043,35,2480,230,1307,980,5090,5917,414,5157,344,616,816,355,224,3156
2020-11-30,26784,36,4990,2103,233,3192,44,13664,2991,509,215,6,186,4440,781,146,1956,7128,35,2499,247,1325,995,5216,6050,420,5263,344,623,841,361,227,3245
2020-12-01,27678,37,5067,2143,248,3243,44,13862,3029,513,228,6,187,4545,790,155,1976,7225,36,2575,254,1364,1015,5394,6155,439,5445,345,640,851,368,225,3337
2020-12-02,28125,37,5197,2167,269,3275,48,13975,3099,523,232,6,189,4643,794,158,1980,7294,38,2595,257,1387,1041,5478,6296,444,5522,359,645,853,374,247,3416
2020-12-03,28707,38,5276,2184,282,3311,49,14273,3146,534,241,6,190,4711,831,162,1990,7382,41,2643,263,1405,1063,5588,6416,460,5618,367,654,873,376,251,3542
2020-12-04,29458,41,5375,2223,306,3359,53,14506,3191,540,257,6,191,4813,846,170,2021,7457,42,2671,267,1442,1081,5706,6499,470,5713,373,674,893,393,261,3637
2020-12-05,29958,46,5517,2234,311,3393,56,14689,3245,551,260,6,191,4948,856,176,2049,7581,51,2717,269,1472,1096,5814,6665,488,5838,409,684,909,415,267,3695
2020-12-06,30339,48,5586,2271,336,3419,67,14778,3282,554,282,6,193,4981,873,178,2061,7630,53,2729,282,1493,1107,5867,6787,502,5904,418,698,922,424,267,3751
2020-12-07,30968,49,5673,2312,382,3441,68,14965,3315,569,289,6,196,5074,881,184,2080,7751,53,2762,284,1544,1115,6001,6906,512,5969,422,702,938,428,268,3840
2020-12-08,31362,50,5713,2332,399,3466,68,15067,3358,580,292,7,198,5127,888,188,2088,7876,55,2797,285,1561,1119,6094,7003,524,6042,426,704,942,433,270,3877
2020-12-09,31963,51,5762,2357,409,3494,69,15186,3392,590,302,7,204,5185,897,189,2100,7987,60,2827,287,1614,1128,6196,7211,538,6168,430,729,951,434,287,3946
2020-12-10,32581,51,5812,2370,413,3517,69,15298,3466,599,317,7,205,5252,907,194,2118,8128,62,2852,292,1678,1135,6321,7390,549,6241,433,744,965,436,303,4026
2020-12-11,33137,51,5902,2389,418,3570,70,15396,3538,623,320,7,208,5372,915,196,2143,8217,62,2887,300,1693,1163,6446,7596,560,6326,437,755,976,442,315,4135
2020-12-12,33702,51,5956,2408,441,3597,70,15494,3568,630,327,7,208,5576,926,206,2151,8313,66,2921,305,1732,1177,6581,7774,580,6419,447,761,986,449,316,4213
2020-12-13,34149,51,6039,2422,458,3626,70,15577,3611,639,328,7,208,5689,933,210,2163,8399,66,2947,310,1759,1182,6644,7923,595,6480,456,777,994,455,316,4275
2020-12-14,34604,51,6108,2445,496,3642,73,15717,3691,645,393,7,210,5757,939,215,2171,8468,70,2961,311,1798,1190,6731,8039,618,6562,463,791,998,456,321,4358
2020-12-15,35044,51,6160,2452,499,3660,74,15790,3761,655,399,7,211,5880,941,216,2174,8541,72,2981,312,1816,1214,6830,8114,628,6599,464,797,1005,456,325,4400
2020-12-16,35608,53,6244,2466,514,3680,76,15882,3829,682,441,7,215,5997,947,219,2185,8650,73,2999,314,1866,1272,6935,8265,650,6697,473,812,1019,459,330,4498
2020-12-17,36137,53,6272,2480,544,3711,78,16019,3867,711,474,7,216,6074,951,224,2194,8745,74,3027,316,1941,1301,7091,8354,660,6774,477,821,1032,466,333,4621
2020-12-18,36552,53,6316,2505,561,3739,79,16154,3926,736,486,7,217,6127,959,233,2206,8856,75,3043,317,1973,1321,7210,8485,677,6842,482,841,1040,472,337,4673
2020-12-19,36998,55,6380,2506,575,3763,82,16241,3979,759,494,7,218,6173,967,236,2221,8964,81,3067,319,1998,1348,7299,8659,687,6908,488,868,1056,478,338,4706
2020-12-20,37272,55,6406,2524,596,3775,82,16357,4024,769,499,7,219,6222,971,241,2233,9044,82,3076,321,2018,1355,7365,8819,703,6955,491,870,1075,480,343,4744
2020-12-21,37561,55,6433,2540,596,3785,82,16431,4043,779,499,7,219,6260,974,244,2241,9085,84,3087,322,2028,1372,7415,8915,720,6994,491,872,1078,481,344,4771
2020-12-22,37859,55,6487,2596,597,3804,83,16572,4112,785,502,8,219,6361,981,246,2241,9187,84,3110,324,2053,1380,7497,9085,726,7022,491,877,1088,486,344,4813
2020-12-23,38192,55,6523,2604,602,3819,83,16712,4156,798,508,8,224,6426,987,249,2260,9249,99,3115,324,2074,1397,7570,9187,765,7071,500,889,1093,498,345,4860
2020-12-24,38676,55,6816,2682,610,3847,83,16971,4248,811,513,8,225,6493,997,255,2279,9321,104,3145,325,2113,1411,7672,9320,779,7129,503,907,1103,504,345,4916
2020-12-25,39100,55,6922,2701,646,3882,82,17116,4279,824,513,8,225,6527,1000,261,2293,9387,108,3158,327,2151,1432,7769,9487,797,7198,510,911,1116,515,348,4974
2020-12-26,39224,55,6956,2704,646,3890,83,17186,4328,829,513,8,227,6571,1004,264,2301,9421,109,3171,329,2156,1447,7799,9565,801,7214,512,917,1126,515,350,5006
2020-12-27,39462,55,6986,2720,650,3935,86,17242,4372,831,514,8,229,6618,1010,265,2303,9449,111,3174,331,2175,1463,7845,9606,806,7260,514,922,1129,518,352,5027
2020-12-28,39689,55,7007,2729,650,3943,86,17287,4379,843,514,8,229,6663,1012,268,2309,9496,113,3182,331,2190,1469,7891,9713,810,7312,515,926,1129,519,352,5040
2020-12-29,40038,55,7046,2741,652,3971,92,17418,4455,855,516,8,230,6780,1016,271,2316,9613,113,3199,331,2220,1481,7963,9818,813,7378,520,930,1133,522,352,5062
2020-12-30,40373,55,7121,2747,654,4001,92,17573,4500,879,518,8,234,6853,1020,273,2337,9713,115,3211,331,2232,1500,8040,9959,834,7457,524,949,1139,523,354,5100
2020-12-31,40808,55,7197,2781,665,4041,97,17691,4544,904,525,8,240,6971,1040,284,2365,9807,121,3247,332,2285,1503,8161,10155,846,7529,532,954,1152,524,354,5179
2021-01-01,41121,58,7252,2809,675,4097,97,17851,4586,921,529,8,242,6997,1043,286,2370,9881,123,3253,332,2314,1527,8269,10308,861,7588,536,959,1154,532,354,5209
2021-01-02,41385,59,7300,2827,678,4127,98,17961,4690,941,533,8,243,7045,1061,298,2395,9955,124,3263,338,2349,1533,8338,10482,877,7638,558,963,1174,538,353,5243
2021-01-03,41730,59,7330,2830,680,4144,99,18085,4744,961,534,8,255,7105,1078,299,2405,9997,124,3273,340,2371,1552,8413,10551,879,7663,576,963,1178,545,355,5259
2021-01-04,42012,59,7367,2849,692,4177,102,18208,4788,964,534,8,254,7177,1081,299,2409,10031,125,3291,340,2379,1560,8459,10620,888,7726,581,965,1182,550,356,5282
2021-01-05,42490,59,7415,2867,694,4192,103,18322,4813,974,534,8,254,7235,1088,301,2416,10124,125,3317,345,2396,1560,8530,10724,898,7757,582,967,1188,553,358,5310
2021-01-06,42929,60,7491,2881,700,4205,103,18484,4827,997,540,8,258,7290,1090,316,2421,10206,126,3344,346,2488,1561,8625,10877,904,7862,583,976,1203,557,358,5368
2021-01-07,43382,61,7566,2909,707,4240,104,18601,4958,1030,541,8,265,7337,1109,327,2444,10275,126,3394,348,2561,1586,8766,11108,916,7993,594,980,1216,562,363,5430
2021-01-08,43807,62,7642,2942,737,4293,109,18803,5015,1050,545,8,270,7393,1128,334,2463,10374,131,3414,356,2587,1599,8861,11289,931,8075,600,993,1228,566,364,5487
2021-01-09,44177,64,7702,2964,743,4315,109,18967,5087,1070,548,8,272,7480,1143,340,2479,10467,133,3458,362,2635,1610,8952,11405,947,8184,617,1001,1247,568,366,5534
2021-01-10,44442,64,7760,2985,746,4340,112,19119,5184,1094,551,8,276,7547,1153,346,2505,10528,133,3488,363,2677,1625,9033,11503,954,8248,617,1002,1262,574,366,5552
2021-01-11,44698,64,7779,3007,751,4373,112,19223,5218,1107,553,8,278,7566,1173,348,2526,10569,134,3528,366,2696,1640,9087,11576,960,8314,617,1009,1274,574,367,5592
2021-01-12,44923,66,7815,3025,754,4394,114,19327,5257,1115,554,8,278,7595,1178,350,2532,10631,134,3538,367,2727,1652,9176,11664,966,8351,628,1011,1277,577,369,5621
2021-01-13,45273,67,7832,3033,761,4402,115,19451,5302,1126,560,8,278,7610,1182,352,2560,10700,135,3558,372,2771,1655,9255,11765,987,8425,629,1017,1277,582,370,5653
2021-01-14,45614,68,7905,3054,764,4441,116,19613,5365,1145,562,8,279,7707,1190,361,2588,10762,140,3614,372,2834,1671,9343,11920,996,8501,637,1028,1301,590,370,5684
2021-01-15,45903,68,7982,3061,770,4487,118,19801,5433,1159,564,8,280,7775,1234,378,2608,10811,141,3646,376,2865,1678,9401,12010,1012,8562,645,1030,1316,596,372,5715
2021-01-16,46179,68,8032,3083,775,4507,120,19973,5484,1172,565,8,281,7803,1249,389,2626,10881,141,3681,379,2884,1682,9476,12080,1018,8629,647,1035,1332,599,373,5742
2021-01-17,46349,70,8071,3089,783,4525,120,20079,5505,1185,567,8,287,7833,1253,393,2638,10917,141,3697,381,2907,1695,9523,12147,1033,8676,647,1039,1342,601,373,5763
2021-01-18,46508,70,8088,3093,784,4555,120,20127,5528,1191,568,8,288,7853,1281,393,2652,10962,141,3714,381,2929,1697,9564,12209,1040,8711,650,1042,1354,604,373,5785
2021-01-19,46763,70,8110,3098,783,4574,121,20212,5550,1201,569,8,288,7861,1286,393,2673,10993,141,3732,382,2937,1705,9619,12243,1043,8740,653,1051,1355,605,374,5819
2021-01-20,46975,70,8141,3106,784,4587,122,20355,5603,1206,570,8,288,7873,1308,401,2700,11009,142,3746,384,2989,1715,9661,12325,1053,8795,653,1056,1370,608,374,5856
2021-01-21,47205,70,8200,3120,789,4614,123,20477,5652,1212,571,8,293,7906,1327,406,2734,11101,142,3775,387,3010,1720,9712,12405,1060,8847,655,1062,1379,609,374,5878
2021-01-22,47410,70,8222,3133,795,4629,123,20610,5692,1221,571,8,294,7934,1341,418,2786,11161,142,3797,390,3032,1727,9762,12468,1068,8913,658,1075,1388,614,375,5904
2021-01-23,47587,70,8252,3148,795,4651,122,20682,5741,1234,571,8,307,7964,1355,420,2802,11213,143,3829,393,3071,1730,9808,12551,1074,8993,659,1083,1401,618,375,5925
2021-01-24,47727,70,8273,3152,800,4663,122,20752,5775,1238,573,8,308,7976,1377,424,2834,11237,143,3847,395,3090,1735,9831,12605,1082,9059,660,1086,1412,621,375,5955
2021-01-25,47870,70,8287,3160,800,4677,122,20820,5786,1242,576,8,308,8002,1378,425,2842,11282,143,3861,395,3090,1740,9854,12654,1087,9079,660,1091,1422,623,375,5967
2021-01-26,48020,71,8316,3170,802,4688,124,20902,5824,1244,576,8,309,8016,1388,425,2858,11315,143,3881,395,3105,1741,9890,12706,1095,9117,667,1095,1426,625,375,5979
2021-01-27,48177,71,8363,3178,808,4696,124,21024,5874,1249,577,8,311,8047,1406,433,2887,11347,144,3895,395,3132,1743,9926,12748,1109,9177,667,1100,1428,627,375,6001
2021-01-28,48364,71,8387,3182,808,4709,125,21086,5897,1256,580,8,311,8076,1417,439,2896,11404,144,3925,396,3158,1751,9953,12807,1113,9229,667,1105,1436,628,375,6016
2021-01-29,48839,71,8414,3183,812,4725,126,21190,5935,1270,581,8,314,8124,1424,444,2910,11446,145,3942,397,3170,1754,10029,12867,1125,9279,667,1109,1440,638,375,6045
2021-01-30,49093,71,8441,3193,813,4740,126,21254,5967,1278,581,8,314,8144,1434,444,2917,11500,147,3965,398,3187,1759,10098,12907,1128,9309,669,1118,1450,642,376,6068
2021-01-31,49224,71,8460,3204,813,4746,126,21310,5980,1287,586,8,319,8169,1443,448,2937,11528,147,3974,398,3208,1763,10131,12958,1132,9345,669,1124,1453,644,376,6080
2021-02-01,49412,71,8466,3210,815,4750,126,21352,5995,1292,586,8,323,8180,1446,448,2942,11559,148,3990,398,3214,1765,10181,12995,1132,9382,672,1128,1454,644,376,6089
2021-02-02,49530,71,8469,3210,815,4753,128,21402,6007,1296,586,8,323,8219,1447,449,2947,11586,148,4002,400,3226,1772,10216,13025,1135,9412,672,1132,1454,644,378,6120
2021-02-03,49691,71,8507,3217,822,4760,128,21497,6052,1304,589,8,325,8238,1454,452,2959,11638,149,4022,400,3236,1777,10255,13072,1139,9441,672,1149,1454,650,378,6146
2021-02-04,49845,71,8525,3232,824,4766,129,21591,6078,1315,590,8,328,8259,1456,456,2978,11662,150,4041,401,3251,1782,10283,13097,1143,9470,672,1153,1463,653,378,6161
2021-02-05,50015,73,8549,3239,825,4777,130,21674,6104,1325,590,8,328,8287,1458,460,2984,11688,150,4054,401,3262,1789,10337,13128,1143,9506,672,1159,1467,656,378,6177
2021-02-06,50139,73,8565,3255,826,4779,130,21730,6119,1336,590,8,329,8292,1459,460,2991,11714,150,4063,403,3272,1793,10371,13152,1147,9528,675,1163,1467,656,378,6194
2021-02-07,50237,73,8572,3260,826,4786,130,21780,6125,1355,590,8,330,8307,1466,459,2999,11736,150,4087,403,3275,1796,10386,13176,1149,9540,675,1165,1468,657,378,6205
2021-02-08,50357,73,8575,3260,826,4793,130,21820,6137,1358,590,8,330,8316,1470,459,3004,11747,150,4107,408,3288,1797,10410,13189,1150,9547,675,1169,1472,659,378,6215
2021-02-09,50513,73,8582,3262,826,4797,130,21877,6145,1366,590,8,330,8318,1472,459,3009,11763,150,4114,409,3305,1802,10452,13212,1153,9575,675,1172,1474,660,378,6229
2021-02-10,50637,73,8596,3275,833,4805,130,21988,6165,1391,590,8,330,8330,1475,460,3014,11776,150,4135,409,3311,1810,10478,13241,1167,9600,675,1180,1475,660,378,6245
2021-02-11,50744,73,8697,3286,834,4823,130,22059,6181,1398,590,8,330,8365,1476,459,3017,11794,150,4159,412,3319,1812,10513,13264,1173,9609,676,1187,1476,661,378,6270
2021-02-12,50867,73,8708,3291,835,4829,130,22138,6190,1410,590,8,331,8373,1483,463,3024,11813,150,4167,413,3326,1814,10551,13282,1177,9628,678,1189,1477,662,378,6276
2021-02-13,51113,76,8733,3299,838,4839,131,22178,6206,1415,590,8,334,8379,1486,464,3028,11844,151,4197,413,3340,1817,10592,13304,1185,9644,678,1193,1481,665,378,6290
2021-02-14,51179,79,8741,3304,838,4841,131,22241,6216,1421,590,8,335,8380,1495,466,3034,11866,151,4203,413,3341,1817,10603,13326,1189,9653,679,1194,1487,669,378,6302
2021-02-15,51245,81,8744,3309,839,4843,131,22261,6230,1429,590,8,338,8384,1495,467,3036,11881,151,4207,413,3343,1817,10614,13345,1192,9653,679,1196,1488,670,379,6303
2021-02-16,51315,82,8750,3329,840,4850,131,22313,6240,1435,591,8,340,8394,1496,468,3046,11887,151,4213,413,3355,1822,10646,13357,1196,9661,679,1196,1489,671,379,6318
2021-02-17,51431,82,8753,3333,841,4853,131,22362,6243,1438,592,8,340,8398,1497,468,3046,11893,151,4220,414,3361,1822,10667,13378,1197,9671,679,1199,1490,673,379,6322
2021-02-18,51557,82,8758,3347,843,4855,131,22458,6254,1442,592,8,342,8421,1500,468,3051,11911,152,4239,415,3363,1822,10691,13389,1202,9690,680,1200,1494,674,380,6328
2021-02-19,51644,83,8771,3346,843,4857,131,22520,6265,1449,598,8,342,8428,1510,469,3054,11930,153,4257,415,3366,1826,10704,13398,1208,9711,682,1202,1494,674,380,6332
2021-02-20,51738,82,8782,3352,843,4878,131,22591,6271,1454,599,8,342,8432,1511,473,3059,11967,154,4287,415,3372,1828,10727,13441,1210,9725,686,1209,1495,676,384,6346
2021-02-21,51834,82,8795,3353,843,4881,131,22636,6295,1455,599,8,344,8438,1515,473,3069,11977,154,4306,416,3374,1829,10750,13452,1214,9728,685,1211,1496,676,388,6368
2021-02-22,51913,83,8798,3357,844,4886,131,22683,6302,1456,599,8,345,8460,1516,474,3073,11981,154,4315,416,3376,1830,10765,13463,1215,9736,685,1211,1499,677,389,6383
2021-02-23,52025,83,8800,3360,847,4894,131,22731,6304,1460,600,8,345,8474,1520,475,3079,11985,154,4331,418,3380,1831,10788,13477,1218,9746,685,1211,1503,677,402,6393
2021-02-24,52129,83,8819,3369,850,4898,132,22799,6404,1462,600,8,346,8483,1527,476,3083,11989,161,4348,418,3388,1835,10802,13488,1222,9760,698,1215,1509,678,403,6399
2021-02-25,52213,83,8829,3371,851,4901,132,22851,6416,1474,603,8,346,8498,1532,477,3083,11999,161,4369,418,3391,1836,10815,13500,1223,9774,698,1215,1519,680,403,6411
2021-02-26,52421,83,8837,3372,859,4904,132,22908,6441,1482,606,8,347,8702,1536,480,3089,12013,161,4385,419,3400,1836,10841,13510,1225,9791,697,1216,1528,682,403,6422
2021-02-27,52434,83,8849,3379,849,4915,132,22939,6453,1488,609,8,349,8705,1538,482,3090,12031,161,4397,419,3401,1836,10841,13510,1228,9797,697,1218,1529,684,403,6429
2021-02-28,52528,83,8854,3379,852,4920,132,22979,6458,1492,612,8,349,8706,1543,482,3095,12034,161,4413,420,3405,1838,10843,13521,1228,9804,698,1221,1535,689,403,6441
2021-03-01,52582,83,8853,3388,853,4923,132,23016,6463,1496,612,8,349,8719,1543,482,3099,12036,161,4418,420,3408,1839,10853,13529,1230,9806,699,1222,1536,690,403,6446
2021-03-02,52682,83,8860,3389,853,4927,132,23051,6471,1499,613,8,349,8724,1544,483,3099,12044,161,4434,420,3410,1839,10871,13541,1233,9815,700,1224,1536,691,403,6453
2021-03-03,52783,83,8873,3398,853,4934,132,23105,6487,1505,613,8,350,8766,1550,483,3109,12050,161,4441,420,3420,1840,10893,13549,1234,9827,703,1225,1542,693,403,6465
2021-03-04,52863,83,8880,3401,854,4940,132,23144,6500,1508,614,8,350,8776,1552,485,3111,12056,162,4457,420,3419,1840,10916,13554,1237,9837,702,1226,1551,697,404,6477
2021-03-05,52965,83,8887,3404,859,4942,132,23201,6513,1514,615,8,350,8784,1554,485,3115,12062,162,4475,420,3420,1841,10939,13562,1240,9852,703,1226,1553,701,404,6489
2021-03-06,53036,83,8891,3409,859,4944,132,23235,6523,1516,615,8,350,8837,1554,486,3117,12067,162,4492,421,3422,1842,10961,13573,1245,9864,704,1226,1556,703,404,6505
2021-03-07,53036,83,8891,3409,859,4944,132,23235,6523,1516,615,8,350,8837,1554,486,3117,12067,162,4492,421,3422,1842,10961,13573,1245,9864,704,1226,1556,703,404,6505
2021-03-08,53149,83,8895,3414,861,4952,132,23286,6532,1520,615,8,350,8843,1557,486,3121,12073,162,4508,421,3426,1843,10988,13581,1246,9870,704,1228,1562,705,404,6515
2021-03-09,53229,83,8895,3414,861,4958,132,23323,6538,1523,615,8,350,8841,1559,486,3123,12079,162,4520,421,3431,1842,11000,13584,1248,9882,704,1228,1563,705,407,6524
2021-03-10,53321,83,8901,3417,861,4962,132,23362,6543,1532,616,8,350,8842,1561,486,3131,12083,164,4540,424,3433,1845,11006,13586,1255,9899,704,1228,1566,705,411,6530
2021-03-11,53397,83,8904,3422,861,4967,132,23398,6550,1543,616,8,350,8858,1564,487,3134,12089,165,4549,425,3439,1845,11010,13604,1257,9913,704,1228,1569,705,411,6533
2021-03-12,53490,83,8906,3430,863,4968,133,23436,6554,1553,616,8,350,8860,1571,488,3134,12091,166,4571,425,3440,1845,11027,13611,1267,9924,704,1231,1580,707,411,6541
2021-03-13,53555,83,8911,3434,864,4971,133,23464,6559,1559,616,8,350,8862,1571,489,3136,12091,166,4582,425,3443,1847,11036,13615,1273,9928,706,1231,1587,707,411,6549
2021-03-14,53594,83,8919,3435,866,4974,133,23493,6565,1564,616,8,350,8868,1571,489,3140,12091,166,4587,425,3442,1848,11047,13618,1277,9935,706,1231,1589,707,411,6557
2021-03-15,53654,82,8921,3438,867,4978,133,23523,6569,1571,616,8,350,8877,1574,490,3148,12093,167,4599,425,3442,1851,11066,13618,1277,9939,707,1233,1592,708,411,6561
2021-03-16,53718,82,8921,3440,867,4980,133,23554,6577,1576,616,8,350,8878,1574,490,3165,12096,168,4602,425,3444,1852,11081,13620,1282,9944,707,1233,1594,709,411,6567
2021-03-17,53770,82,8931,3441,867,4985,133,23631,6591,1578,616,8,350,8881,1576,492,3170,12099,168,4612,425,3446,1853,11101,13622,1292,9950,707,1233,1593,710,411,6583
2021-03-18,53855,82,8933,3451,867,4988,133,23674,6601,1583,616,8,350,8888,1576,493,3171,12099,168,4626,425,3448,1853,11122,13624,1299,9962,707,1233,1594,711,411,6607
2021-03-19,53932,82,8934,3452,867,4988,133,23716,6605,1588,616,8,351,8893,1575,493,3177,12101,168,4637,425,3447,1853,11151,13632,1303,9977,707,1233,1594,716,411,6609
2021-03-20,53999,82,8934,3452,868,4993,133,23752,6608,1589,617,8,351,8894,1576,494,3182,12107,168,4648,425,3447,1855,11165,13639,1309,9987,707,1234,1596,716,411,6614
2021-03-21,54052,83,8936,3453,869,5009,133,23772,6615,1590,617,9,351,8908,1576,494,3183,12109,168,4659,425,3447,1857,11182,13641,1310,9994,708,1233,1599,717,411,6621
2021-03-22,54118,83,8937,3453,869,5010,133,23797,6619,1590,617,9,351,8930,1577,494,3194,12110,168,4663,425,3445,1858,11194,13646,1311,9997,710,1233,1599,718,411,6624
2021-03-23,54192,83,8938,3454,869,5011,133,23816,6627,1590,618,9,351,8931,1577,495,3201,12113,168,4668,426,3449,1858,11211,13655,1311,10003,713,1234,1599,719,411,6631
2021-03-24,54237,83,8938,3454,869,5018,133,23875,6636,1594,620,9,352,8934,1578,495,3209,12117,168,4675,426,3452,1863,11233,13661,1312,10010,713,1237,1603,719,411,6641
2021-03-25,54322,83,8943,3454,869,5025,133,23900,6644,1595,622,9,352,8935,1581,495,3215,12124,168,4675,426,3457,1863,11259,13668,1312,10020,712,1239,1605,720,411,6655
2021-03-26,54389,83,8950,3456,870,5029,133,23935,6648,1603,623,9,352,8934,1585,496,3221,12130,168,4690,427,3461,1863,11272,13690,1313,10040,710,1240,1604,720,411,6661
2021-03-27,54446,83,8954,3457,871,5030,133,23957,6648,1609,625,9,352,8941,1586,496,3224,12136,168,4695,427,3468,1863,11284,13709,1313,10040,710,1240,1606,720,411,6675
2021-03-28,54495,83,8958,3458,872,5033,133,23975,6656,1613,627,9,352,8946,1586,496,3226,12138,168,4707,427,3469,1863,11295,13720,1313,10049,710,1242,1608,722,411,6684
2021-03-29,54545,83,8960,3460,873,5035,133,24028,6657,1613,627,9,353,8949,1586,499,3229,12140,168,4711,427,3469,1863,11320,13730,1314,10060,710,1242,1611,726,411,6688
2021-03-30,54602,84,8963,3462,873,5035,133,24066,6663,1613,628,9,353,8949,1586,499,3229,12141,168,4714,427,3470,1864,11345,13733,1314,10062,710,1244,1611,726,411,6690
2021-03-31,54726,84,8971,3462,873,5037,134,24089,6666,1618,628,9,353,8958,1590,501,3232,12141,168,4720,428,3471,1866,11386,13745,1315,10078,710,1244,1613,728,412,6696
2021-04-01,54836,84,8974,3463,873,5042,134,24140,6670,1622,628,9,355,8962,1591,501,3239,12141,168,4740,428,3479,1867,11407,13764,1315,10090,710,1244,1618,729,412,6711
2021-04-02,54906,84,8980,3465,875,5043,134,24167,6675,1632,628,9,355,8972,1592,501,3238,12140,168,4751,428,3478,1870,11430,13773,1318,10097,712,1245,1618,730,412,6726
2021-04-03,54906,84,8980,3465,875,5043,134,24167,6675,1632,628,9,355,8972,1592,501,3238,12140,168,4751,428,3478,1870,11430,13773,1318,10097,712,1245,1618,730,412,6726
2021-04-04,54906,84,8980,3465,875,5043,134,24167,6675,1632,628,9,355,8972,1592,501,3238,12140,168,4751,428,3478,1870,11430,13773,1318,10097,712,1245,1618,730,412,6726
2021-04-05,55065,84,8986,3471,875,5047,134,24235,6679,1635,628,9,355,8993,1595,503,3245,12144,169,4769,427,3487,1870,11461,13831,1317,10114,712,1246,1621,731,412,6744
2021-04-06,55145,84,8989,3474,875,5050,134,24260,6684,1638,627,9,355,8996,1596,503,3246,12146,169,4774,427,3492,1870,11474,13839,1319,10120,714,1247,1621,732,413,6751
2021-04-07,55201,85,8993,3477,879,5050,134,24297,6690,1645,627,9,355,9000,1598,505,3251,12153,169,4781,427,3493,1874,11502,13856,1322,10126,714,1247,1623,732,413,6761
2021-04-08,55296,85,8995,3484,878,5050,136,24339,6703,1650,627,9,355,9000,1600,505,3253,12155,169,4792,427,3496,1875,11515,13882,1323,10135,716,1250,1624,733,413,6777
2021-04-09,55354,85,8996,3485,879,5050,136,24351,6703,1654,627,9,355,9003,1600,505,3254,12155,169,4795,428,3500,1875,11529,13888,1324,10141,717,1251,1625,733,413,6779
2021-04-10,55354,85,8996,3485,879,5050,136,24351,6703,1654,627,9,355,9003,1600,505,3254,12155,169,4795,428,3500,1875,11529,13888,1324,10141,717,1251,1625,733,413,6779
2021-04-11,55354,85,8996,3485,879,5050,136,24351,6703,1654,627,9,355,9003,1600,505,3254,12155,169,4795,428,3500,1875,11529,13888,1324,10141,717,1251,1625,733,413,6779
2021-04-12,55571,87,9015,3494,881,5054,136,24433,6709,1659,627,9,357,9015,1603,506,3262,12163,169,4804,428,3524,1875,11595,13963,1329,10158,718,1254,1631,733,413,6812
2021-04-13,55664,87,9012,3494,881,5055,136,24446,6710,1663,627,9,357,9018,1603,506,3263,12171,169,4804,428,3527,1875,11616,13976,1329,10162,720,1257,1632,734,413,6820
2021-04-14,55737,87,9012,3498,883,5056,136,24466,6715,1667,627,9,357,9019,1606,508,3263,12173,169,4806,428,3534,1877,11631,14001,1329,10177,722,1278,1637,735,413,6822
2021-04-15,55801,88,9028,3499,886,5056,136,24505,6717,1668,627,9,359,9021,1608,508,3265,12178,169,4816,428,3537,1877,11650,14034,1330,10186,722,1283,1638,736,413,6827
2021-04-16,55897,88,9037,3500,886,5061,136,24534,6730,1669,627,10,359,9025,1608,508,3268,12186,169,4827,430,3539,1876,11665,14056,1334,10198,722,1288,1644,736,413,6842
2021-04-17,55897,88,9037,3500,886,5061,136,24534,6730,1669,627,10,359,9025,1608,508,3268,12186,169,4827,430,3539,1876,11665,14056,1334,10198,722,1288,1644,736,413,6842
2021-04-18,55897,88,9037,3500,886,5061,136,24534,6730,1669,627,10,359,9025,1608,508,3268,12186,169,4827,430,3539,1876,11665,14056,1334,10198,722,1288,1644,736,413,6842
2021-04-19,56086,89,9066,3502,894,5073,137,24611,6749,1673,627,10,359,9028,1622,511,3273,12193,169,4842,433,3546,1877,11712,14141,1338,10219,727,1297,1648,742,414,6870
2021-04-20,56141,89,9069,3502,894,5072,137,24624,6746,1677,627,10,359,9028,1622,511,3274,12196,169,4843,435,3550,1876,11729,14159,1339,10233,728,1299,1648,742,414,6873
2021-04-21,56202,89,9071,3504,896,5073,137,24637,6751,1680,627,10,359,9028,1624,511,3275,12201,169,4844,439,3552,1877,11742,14191,1339,10249,728,1299,1648,744,414,6873
2021-04-22,56282,90,9083,3504,896,5082,138,24653,6755,1681,627,10,359,9027,1632,512,3276,12203,169,4851,439,3555,1877,11753,14223,1339,10259,728,1301,1650,747,414,6875
2021-04-23,56336,90,9086,3505,896,5086,138,24699,6765,1681,627,10,359,9028,1636,514,3284,12208,169,4857,441,3557,1878,11771,14259,1340,10271,733,1301,1650,748,414,6884
2021-04-24,56336,90,9086,3505,896,5086,138,24699,6765,1681,627,10,359,9028,1636,514,3284,12208,169,4857,441,3557,1878,11771,14259,1340,10271,733,1301,1650,748,414,6884
2021-04-25,56336,90,9086,3505,896,5086,138,24699,6765,1681,627,10,359,9028,1636,514,3284,12208,169,4857,441,3557,1878,11771,14259,1340,10271,733,1301,1650,748,414,6884
2021-04-26,56556,90,9116,3510,897,5098,139,24755,6782,1686,627,10,359,9026,1644,516,3297,12216,169,4867,442,3569,1883,11811,14369,1341,10293,740,1305,1653,756,417,6905
2021-04-27,56626,90,9115,3511,897,5100,139,24755,6788,1688,628,10,359,9029,1644,516,3298,12218,169,4872,445,3569,1886,11814,14400,1342,10301,744,1307,1654,758,417,6910
2021-04-28,56711,90,9121,3512,898,5100,140,24784,6791,1690,628,10,360,9030,1648,518,3300,12227,169,4877,446,3574,1889,11829,14424,1341,10310,746,1308,1654,760,417,6917
2021-04-29,56772,92,9136,3509,900,5106,142,24806,6794,1692,628,10,360,9033,1658,518,3307,12226,170,4885,448,3578,1892,11842,14475,1342,10315,746,1310,1656,761,417,6921
2021-04-30,56899,92,9146,3509,901,5109,146,24829,6801,1696,629,10,361,9034,1662,518,3308,12231,170,4895,452,3583,1894,11856,14514,1342,10321,746,1309,1656,767,417,6930
2021-05-01,56899,92,9146,3509,901,5109,146,24829,6801,1696,629,10,361,9034,1662,518,3308,12231,170,4895,452,3583,1894,11856,14514,1342,10321,746,1309,1656,767,417,6930
2021-05-02,56899,92,9146,3509,901,5109,146,24829,6801,1696,629,10,361,9034,1662,518,3308,12231,170,4895,452,3583,1894,11856,14514,1342,10321,746,1309,1656,767,417,6930
2021-05-03,57121,92,9157,3510,905,5116,146,24874,6817,1701,631,10,361,9031,1669,519,3316,12238,170,4933,459,3592,1921,11892,14625,1346,10351,749,1310,1659,767,417,6967
2021-05-04,57211,92,9158,3510,905,5131,146,24883,6820,1702,631,10,361,9033,1671,519,3314,12244,170,4936,465,3596,1928,11892,14663,1346,10360,750,1310,1658,775,415,6971
2021-05-05,57274,92,9159,3510,906,5136,146,24894,6823,1704,632,10,361,9034,1673,519,3317,12244,170,4951,471,3597,1929,11904,14703,1347,10380,753,1311,1658,784,415,6974
2021-05-06,57352,92,9163,3513,907,5147,146,24917,6825,1704,632,10,361,9034,1679,524,3318,12251,170,4966,480,3601,1937,11916,14750,1349,10402,754,1312,1659,785,415,6983
2021-05-07,57427,92,9169,3514,908,5154,148,24936,6832,1706,640,10,361,9038,1683,524,3324,12259,170,4971,485,3604,1945,11926,14805,1351,10419,757,1312,1662,792,415,6994
2021-05-08,57427,92,9169,3514,908,5154,148,24936,6832,1706,640,10,361,9038,1683,524,3324,12259,170,4971,485,3604,1945,11926,14805,1351,10419,757,1312,1662,792,415,6994
2021-05-09,57427,92,9169,3514,908,5154,148,24936,6832,1706,640,10,361,9038,1683,524,3324,12259,170,4971,485,3604,1945,11926,14805,1351,10419,757,1312,1662,792,415,6994
2021-05-10,57582,93,9187,3517,909,5177,155,24968,6836,1708,642,10,361,9045,1696,525,3331,12273,170,4995,491,3608,1950,11955,14960,1352,10444,760,1313,1667,796,415,7010
2021-05-11,57638,93,9188,3521,911,5183,155,24966,6836,1707,654,10,361,9047,1697,525,3331,12276,170,5002,495,3604,1954,11962,14973,1352,10458,760,1313,1667,798,415,7015
2021-05-12,57705,93,9190,3522,914,5185,158,24984,6843,1708,655,10,361,9048,1700,525,3337,12285,170,5004,504,3601,1957,11967,15002,1352,10471,763,1315,1668,798,415,7022
2021-05-13,57776,93,9196,3524,914,5195,158,24986,6844,1710,656,10,361,9048,1702,525,3337,12289,170,5012,505,3597,1961,11975,15034,1353,10486,765,1316,1669,816,415,7034
2021-05-14,57848,93,9200,3528,914,5203,158,25002,6845,1709,656,10,362,9049,1705,526,3342,12297,170,5024,506,3601,1963,11981,15070,1353,10503,767,1317,1671,821,414,7042
2021-05-15,57848,93,9200,3528,914,5203,158,25002,6845,1709,656,10,362,9049,1705,526,3342,12297,170,5024,506,3601,1963,11981,15070,1353,10503,767,1317,1671,821,414,7042
2021-05-16,57848,93,9200,3528,914,5203,158,25002,6845,1709,656,10,362,9049,1705,526,3342,12297,170,5024,506,3601,1963,11981,15070,1353,10503,767,1317,1671,821,414,7042
2021-05-17,57990,93,9210,3530,915,5226,166,25022,6852,1715,660,10,363,9055,1715,527,3350,12312,170,5053,509,3611,1977,12006,15170,1355,10556,770,1317,1673,839,417,7052
2021-05-18,58032,93,9210,3531,915,5230,167,25014,6853,1715,660,10,363,9059,1720,527,3351,12319,171,5069,513,3613,1981,12018,15200,1355,10571,773,1318,1673,840,417,7055
2021-05-19,58080,94,9217,3532,921,5231,167,25022,6856,1717,660,11,363,9060,1720,528,3352,12323,171,5077,513,3613,1985,12024,15212,1355,10597,774,1318,1675,842,417,7062
2021-05-20,58137,94,9218,3535,922,5240,169,25020,6858,1717,663,11,363,9070,1727,528,3353,12325,171,5104,514,3619,1992,12036,15246,1355,10610,775,1318,1677,843,417,7068
2021-05-21,58178,94,9222,3537,922,5244,170,25032,6862,1717,667,11,363,9070,1728,529,3354,12326,171,5113,517,3623,1992,12047,15283,1359,10632,776,1318,1677,844,417,7073
2021-05-22,58178,94,9222,3537,922,5244,170,25032,6862,1717,667,11,363,9070,1728,529,3354,12326,171,5113,517,3623,1992,12047,15283,1359,10632,776,1318,1677,844,417,7073
2021-05-23,58178,94,9222,3537,922,5244,170,25032,6862,1717,667,11,363,9070,1728,529,3354,12326,171,5113,517,3623,1992,12047,15283,1359,10632,776,1318,1677,844,417,7073
2021-05-24,58260,95,9227,3540,928,5248,171,25060,6868,1717,669,12,363,9071,1735,529,3355,12334,171,5141,517,3631,1993,12082,15344,1361,10664,776,1319,1685,852,421,7082
2021-05-25,58298,95,9227,3540,928,5248,172,25065,6870,1718,672,12,363,9074,1736,529,3355,12334,171,5146,518,3633,1999,12092,15359,1366,10662,776,1319,1686,933,421,7088
2021-05-26,58339,95,9233,3540,930,5249,172,25087,6870,1718,673,12,363,9074,1736,529,3356,12335,171,5151,518,3645,2004,12094,15378,1366,10664,776,1319,1687,972,421,7096
2021-05-27,58377,95,9239,3541,931,5250,172,25097,6874,1720,674,12,363,9076,1740,529,3356,12335,171,5156,518,3654,2006,12096,15405,1366,10662,778,1319,1688,980,421,7100
2021-05-28,58408,95,9242,3541,932,5252,172,25107,6876,1720,682,12,363,9076,1740,529,3356,12339,171,5160,519,3663,2007,12105,15426,1368,10665,778,1322,1687,983,421,7104
2021-05-29,58408,95,9242,3541,932,5252,172,25107,6876,1720,682,12,363,9076,1740,529,3356,12339,171,5160,519,3663,2007,12105,15426,1368,10665,778,1322,1687,983,421,7104
2021-05-30,58408,95,9242,3541,932,5252,172,25107,6876,1720,682,12,363,9076,1740,529,3356,12339,171,5160,519,3663,2007,12105,15426,1368,10665,778,1322,1687,983,421,7104
2021-05-31,58408,95,9242,3541,932,5252,172,25107,6876,1720,682,12,363,9076,1740,529,3356,12339,171,5160,519,3663,2007,12105,15426,1368,10665,778,1322,1687,983,421,7104
2021-06-01,58494,95,9253,3545,936,5254,172,25137,6877,1726,684,12,363,9123,1744,530,3360,12348,172,5162,518,3675,2011,12128,15476,1370,10680,777,1323,1686,990,422,7108
2021-06-02,58514,95,9253,3545,941,5255,172,25135,6880,1731,684,12,363,9130,1746,530,3360,12346,172,5161,518,3677,2011,12131,15487,1376,10684,778,1323,1688,991,423,7110
2021-06-03,58550,95,9254,3545,941,5256,172,25140,6882,1735,687,12,364,9130,1746,531,3360,12351,172,5160,518,3683,2011,12138,15499,1377,10692,778,1323,1688,1001,424,7115
2021-06-04,58593,95,9260,3545,942,5256,172,25159,6883,1738,695,12,364,9130,1749,532,3361,12349,172,5161,518,3693,2013,12144,15511,1378,10698,780,1323,1688,1013,424,7121
2021-06-05,58593,95,9260,3545,942,5256,172,25159,6883,1738,695,12,364,9130,1749,532,3361,12349,172,5161,518,3693,2013,12144,15511,1378,10698,780,1323,1688,1013,424,7121
2021-06-06,58593,95,9260,3545,942,5256,172,25159,6883,1738,695,12,364,9130,1749,532,3361,12349,172,5161,518,3693,2013,12144,15511,1378,10698,780,1323,1688,1013,424,7121
2021-06-07,58631,96,9264,3542,943,5259,172,25182,6902,1735,697,12,364,9132,1754,532,3362,12350,172,5167,520,3701,2016,12162,15547,1381,10705,780,1323,1688,1021,425,7131
2021-06-08,58652,96,9264,3542,944,5260,172,25187,6904,1735,698,12,364,9132,1755,532,3362,12353,173,5186,520,3710,2016,12162,15551,1383,10709,780,1323,1688,1021,425,7137
2021-06-09,58678,95,9268,3541,944,5262,172,25195,6905,1735,699,12,364,9133,1756,532,3360,12354,173,5190,520,3712,2017,12166,15556,1384,10720,780,1323,1690,1020,425,7142
2021-06-10,58698,95,9270,3542,946,5263,172,25208,6908,1738,702,12,365,9135,1760,532,3361,12354,173,5199,520,3719,2017,12169,15560,1384,10730,781,1323,1692,1023,425,7143
2021-06-11,58733,95,9274,3543,946,5265,174,25216,6909,1739,703,12,365,9136,1760,534,3363,12354,173,5201,526,3723,2017,12175,15592,1384,10738,781,1323,1695,1025,425,7145
2021-06-12,58733,95,9274,3543,946,5265,174,25216,6909,1739,703,12,365,9136,1760,534,3363,12354,173,5201,526,3723,2017,12175,15592,1384,10738,781,1323,1695,1025,425,7145
2021-06-13,58733,95,9274,3543,946,5265,174,25216,6909,1739,703,12,365,9136,1760,534,3363,12354,173,5201,526,3723,2017,12175,15592,1384,10738,781,1323,1695,1025,425,7145
2021-06-14,58790,95,9285,3544,948,5273,176,25246,6915,1741,705,12,365,9147,1761,534,3370,12358,173,5207,530,3730,2019,12186,15610,1387,10758,781,1323,1697,1031,425,7149
2021-06-15,58815,95,9286,3544,948,5276,177,25254,6923,1741,706,12,365,9150,1761,535,3371,12359,173,5208,532,3734,2021,12191,15620,1389,10764,781,1323,1697,1032,425,7158
2021-06-16,58835,95,9286,3545,949,5279,177,25262,6926,1743,708,12,365,9150,1762,535,3374,12360,173,5208,532,3740,2021,12195,15631,1391,10767,781,1325,1699,1059,425,7162
2021-06-17,58858,95,9288,3546,950,5285,177,25277,6929,1746,709,13,366,9154,1763,535,3374,12363,173,5209,533,3742,2021,12201,15636,1392,10776,781,1325,1699,1071,425,7165
2021-06-18,58892,95,9291,3547,950,5289,177,25282,6929,1746,710,13,366,9161,1763,536,3374,12367,173,5213,534,3746,2022,12216,15653,1393,10782,781,1325,1700,1074,425,7171
2021-06-19,58892,95,9291,3547,950,5289,177,25282,6929,1746,710,13,366,9161,1763,536,3374,12367,173,5213,534,3746,2022,12216,15653,1393,10782,781,1325,1700,1074,425,7171
2021-06-20,58892,95,9291,3547,950,5289,177,25282,6929,1746,710,13,366,9161,1763,536,3374,12367,173,5213,534,3746,2022,12216,15653,1393,10782,781,1325,1700,1074,425,7171
2021-06-21,58947,95,9293,3548,950,5321,178,25309,6935,1748,714,13,366,9205,1763,537,3376,12370,173,5221,537,3752,2028,12223,15668,1397,10793,781,1325,1707,1085,426,7177
2021-06-22,58976,98,9294,3549,950,5321,178,25316,6939,1748,716,13,366,9207,1763,537,3376,12371,173,5225,537,3754,2029,12226,15680,1402,10797,781,1325,1709,1088,426,7188
2021-06-23,58999,98,9295,3550,950,5321,178,25325,6941,1748,718,13,366,9208,1763,537,3376,12371,173,5230,537,3766,2029,12232,15685,1403,10800,781,1325,1712,1089,426,7189
2021-06-24,59024,98,9295,3551,950,5323,178,25331,6942,1748,719,13,366,9208,1763,537,3377,12374,174,5235,537,3769,2030,12234,15691,1404,10810,781,1328,1712,1088,426,7199
2021-06-25,59043,98,9295,3557,950,5325,178,25334,6948,1749,719,13,366,9210,1763,537,3377,12375,174,5236,537,3772,2030,12240,15696,1405,10818,781,1328,1717,1089,426,7204
2021-06-26,59043,98,9295,3557,950,5325,178,25334,6948,1749,719,13,366,9210,1763,537,3377,12375,174,5236,537,3772,2030,12240,15696,1405,10818,781,1328,1717,1089,426,7204
2021-06-27,59043,98,9295,3557,950,5325,178,25334,6948,1749,719,13,366,9210,1763,537,3377,12375,174,5236,537,3772,2030,12240,15696,1405,10818,781,1328,1717,1089,426,7204
2021-06-28,59085,98,9300,3560,950,5328,178,25343,6955,1749,719,13,367,9211,1764,537,3381,12376,175,5237,537,3787,2031,12246,15714,1408,10826,782,1328,1720,1090,426,7217
2021-06-29,59098,97,9300,3560,950,5328,178,25345,6955,1751,722,13,367,9210,1765,537,3382,12376,175,5239,537,3793,2031,12247,15720,1409,10831,782,1328,1721,1090,427,7220
2021-06-30,59118,97,9302,3561,950,5332,178,25350,6955,1751,724,13,367,9211,1765,538,3382,12382,175,5242,537,3794,2030,12250,15730,1408,10833,779,1330,1721,1089,427,7221
2021-07-01,59131,97,9302,3566,950,5332,178,25363,6958,1754,726,13,367,9211,1765,538,3382,12385,175,5244,537,3798,2032,12258,15740,1409,10840,779,1330,1725,1091,427,7226
2021-07-02,59153,97,9302,3566,950,5332,178,25372,6960,1756,726,13,368,9211,1766,538,3386,12388,175,5245,537,3805,2033,12265,15745,1410,10851,781,1330,1727,1093,427,7229
2021-07-03,59153,97,9302,3566,950,5332,178,25372,6960,1756,726,13,368,9211,1766,538,3386,12388,175,5245,537,3805,2033,12265,15745,1410,10851,781,1330,1727,1093,427,7229
2021-07-04,59153,97,9302,3566,950,5332,178,25372,6960,1756,726,13,368,9211,1766,538,3386,12388,175,5245,537,3805,2033,12265,15745,1410,10851,781,1330,1727,1093,427,7229
2021-07-05,59153,97,9302,3566,950,5332,178,25372,6960,1756,726,13,368,9211,1766,538,3386,12388,175,5245,537,3805,2033,12265,15745,1410,10851,781,1330,1727,1093,427,7229
2021-07-06,59212,97,9304,3570,950,5336,178,25403,6963,1758,727,13,368,9212,1767,540,3392,12403,175,5251,537,3813,2034,12277,15758,1413,10861,781,1330,1732,1093,427,7240
2021-07-07,59239,97,9305,3571,950,5338,178,25408,6963,1758,727,13,368,9212,1767,541,3395,12404,175,5251,537,3815,2037,12287,15760,1414,10875,781,1330,1732,1093,427,7248
2021-07-08,59285,97,9307,3571,950,5341,178,25417,6967,1758,729,13,371,9213,1768,542,3397,12415,175,5254,539,3822,2037,12295,15770,1414,10884,781,1331,1736,1093,427,7251
2021-07-09,59327,97,9312,3571,951,5345,178,25423,6968,1759,729,13,371,9213,1769,543,3400,12422,175,5259,539,3825,2039,12305,15774,1414,10893,782,1332,1749,1093,427,7255
2021-07-10,59327,97,9312,3571,951,5345,178,25423,6968,1759,729,13,371,9213,1769,543,3400,12422,175,5259,539,3825,2039,12305,15774,1414,10893,782,1332,1749,1093,427,7255
2021-07-11,59327,97,9312,3571,951,5345,178,25423,6968,1759,729,13,371,9213,1769,543,3400,12422,175,5259,539,3825,2039,12305,15774,1414,10893,782,1332,1749,1093,427,7255
2021-07-12,59425,97,9319,3572,951,5355,178,25449,6976,1762,729,13,374,9213,1771,545,3410,12433,175,5259,539,3834,2042,12338,15790,1417,10919,782,1333,1762,1094,428,7265
2021-07-13,59460,97,9319,3572,951,5360,178,25467,6982,1762,729,13,375,9216,1771,545,3410,12437,175,5267,539,3837,2042,12349,15795,1421,10924,782,1333,1770,1094,428,7266
2021-07-14,59522,97,9326,3573,951,5365,178,25485,6987,1764,729,13,379,9222,1773,546,3414,12444,176,5269,540,3841,2044,12365,15801,1424,10934,782,1334,1774,1094,428,7272
2021-07-15,59545,97,9332,3573,951,5367,178,25504,6998,1764,732,13,381,9227,1776,546,3415,12455,177,5277,540,3850,2046,12374,15807,1432,10943,782,1336,1774,1096,428,7281
2021-07-16,59591,97,9336,3573,954,5372,178,25510,7011,1767,732,13,382,9229,1776,546,3419,12457,177,5303,541,3857,2050,12387,15815,1436,10953,782,1336,1776,1122,428,7283
2021-07-17,59591,97,9336,3573,954,5372,178,25510,7011,1767,732,13,382,9229,1776,546,3419,12457,177,5303,541,3857,2050,12387,15815,1436,10953,782,1336,1776,1122,428,7283
2021-07-18,59591,97,9336,3573,954,5372,178,25510,7011,1767,732,13,382,9229,1776,546,3419,12457,177,5303,541,3857,2050,12387,15815,1436,10953,782,1336,1776,1122,428,7283
2021-07-19,59719,97,9340,3580,954,5385,178,25526,7040,1767,732,13,386,9246,1780,546,3419,12471,178,5329,541,3855,2050,12411,15848,1440,10977,782,1337,1781,1125,428,7305
2021-07-20,59776,97,9340,3581,954,5389,178,25531,7061,1767,732,13,386,9251,1780,546,3421,12477,178,5335,541,3858,2051,12420,15849,1442,10984,782,1337,1782,1125,428,7309
2021-07-21,59853,98,9347,3581,958,5402,178,25552,7088,1767,732,13,386,9258,1782,546,3422,12481,178,5375,542,3864,2053,12437,15871,1444,10993,782,1337,1784,1126,428,7314
2021-07-22,59924,98,9357,3583,958,5409,178,25562,7101,1770,732,13,394,9271,1791,546,3425,12485,178,5393,543,3868,2055,12447,15885,1456,11003,783,1339,1790,1127,428,7328
2021-07-23,60017,98,9364,3583,958,5413,178,25574,7119,1770,732,13,395,9281,1795,547,3428,12488,178,5439,543,3870,2059,12462,15897,1456,11017,783,1339,1793,1133,428,7337
2021-07-24,60017,98,9364,3583,958,5413,178,25574,7119,1770,732,13,395,9281,1795,547,3428,12488,178,5439,543,3870,2059,12462,15897,1456,11017,783,1339,1793,1133,428,7337
2021-07-25,60017,98,9364,3583,958,5413,178,25574,7119,1770,732,13,395,9281,1795,547,3428,12488,178,5439,543,3870,2059,12462,15897,1456,11017,783,1339,1793,1133,428,7337
2021-07-26,60249,98,9385,3585,959,5427,178,25611,7178,1773,733,13,406,9310,1804,548,3432,12500,179,5464,547,3878,2067,12504,15929,1462,11043,786,1343,1800,1136,428,7363
2021-07-27,60317,98,9394,3586,964,5438,178,25623,7211,1774,733,13,408,9334,1809,548,3432,12504,179,5477,549,3887,2069,12518,15932,1465,11052,786,1343,1801,1137,428,7369
2021-07-28,60431,98,9411,3588,969,5443,178,25642,7245,1777,733,13,408,9352,1818,551,3435,12514,179,5486,550,3893,2072,12537,15948,1468,11072,787,1343,1802,1139,428,7374
2021-07-29,60528,98,9434,3589,969,5458,178,25667,7290,1778,733,13,408,9382,1834,552,3438,12526,179,5496,551,3898,2077,12565,15999,1473,11084,787,1344,1802,1143,429,7383
2021-07-30,60621,98,9454,3590,969,5469,178,25698,7324,1784,735,13,414,9396,1847,552,3439,12543,179,5501,557,3903,2083,12588,16009,1473,11094,787,1347,1803,1147,429,7392
2021-07-31,60621,98,9454,3590,969,5469,178,25698,7324,1784,735,13,414,9396,1847,552,3439,12543,179,5501,557,3903,2083,12588,16009,1473,11094,787,1347,1803,1147,429,7392
2021-08-01,60621,98,9454,3590,969,5469,178,25698,7324,1784,735,13,414,9396,1847,552,3439,12543,179,5501,557,3903,2083,12588,16009,1473,11094,787,1347,1803,1147,429,7392
2021-08-02,60961,100,9498,3596,972,5512,179,25768,7420,1792,735,13,427,9429,1858,555,3439,12583,180,5537,562,3912,2113,12673,16073,1482,11150,788,1356,1805,1151,430,7443
2021-08-03,61093,101,9515,3598,972,5527,185,25798,7474,1793,735,13,428,9456,1871,555,3441,12586,180,5549,563,3919,2113,12693,16087,1488,11158,793,1356,1806,1246,431,7447
2021-08-04,61300,101,9535,3604,972,5542,186,25832,7514,1800,736,13,440,9481,1877,559,3447,12620,181,5581,573,3928,2123,12731,16109,1493,11170,797,1357,1807,1248,433,7483
2021-08-05,61446,101,9571,3609,972,5575,187,25897,7575,1808,737,13,460,9510,1903,561,3464,12636,182,5611,580,3932,2135,12759,16162,1500,11203,797,1360,1808,1255,434,7504
2021-08-06,61638,104,9592,3609,974,5589,189,25951,7630,1810,738,13,462,9542,1908,566,3468,12648,183,5623,588,3938,2142,12790,16162,1508,11233,799,1364,1812,1256,434,7530
2021-08-07,61638,104,9592,3609,974,5589,189,25951,7630,1810,738,13,462,9542,1908,566,3468,12648,183,5623,588,3938,2142,12790,16162,1508,11233,799,1364,1812,1256,434,7530
2021-08-08,61638,104,9592,3609,974,5589,189,25951,7630,1810,738,13,462,9542,1908,566,3468,12648,183,5623,588,3938,2142,12790,16162,1508,11233,799,1364,1812,1256,434,7530
2021-08-09,61975,105,9679,3614,977,5641,189,26014,7761,1814,739,13,467,9653,1938,570,3484,12711,184,5685,606,3953,2163,12853,16238,1526,11291,801,1366,1830,1262,435,7561
2021-08-10,62175,106,9694,3619,981,5651,192,26061,7829,1816,741,13,469,9784,1962,570,3489,12720,184,5703,612,3965,2165,12888,16260,1530,11303,805,1372,1831,1265,436,7590
2021-08-11,62349,109,9747,3621,988,5673,199,26112,7896,1821,742,13,474,9864,1972,575,3495,12747,184,5722,620,3981,2177,12929,16299,1537,11321,807,1373,1831,1270,436,7610
2021-08-12,62485,109,9841,3626,990,5694,199,26196,7977,1828,744,13,477,10475,1998,580,3497,12775,186,5744,623,3986,2178,12962,16323,1550,11354,810,1375,1835,1275,436,7632
2021-08-13,62682,109,9894,3634,997,5712,199,26237,8060,1828,745,13,478,10579,2016,582,3506,12797,186,5787,628,3990,2195,12999,16356,1558,11381,813,1382,1837,1281,436,7672
2021-08-14,62682,109,9894,3634,997,5712,199,26237,8060,1828,745,13,478,10579,2016,582,3506,12797,186,5787,628,3990,2195,12999,16356,1558,11381,813,1382,1837,1281,436,7672
2021-08-15,62682,109,9894,3634,997,5712,199,26237,8060,1828,745,13,478,10579,2016,582,3506,12797,186,5787,628,3990,2195,12999,16356,1558,11381,813,1382,1837,1281,436,7672
2021-08-16,63221,115,10031,3638,997,5771,201,26349,8222,1838,749,13,481,10688,2039,590,3512,12848,189,5852,638,4007,2218,13110,16463,1583,11446,818,1387,1847,1295,442,7742
2021-08-17,63391,115,10055,3646,1005,5793,201,26417,8287,1839,753,13,481,10829,2058,590,3517,12853,190,5867,643,4028,2231,13147,16491,1597,11466,822,1387,1856,1301,442,7776
2021-08-18,63660,115,10117,3651,1017,5806,202,26463,8345,1841,754,13,482,10952,2072,591,3525,12883,191,5882,654,4046,2241,13201,16526,1602,11496,824,1392,1859,1313,442,7803
2021-08-19,63859,117,10221,3660,1026,5838,202,26538,8431,1845,759,13,485,11110,2092,593,3529,12908,199,5908,658,4056,2262,13230,16566,1627,11517,831,1396,1870,1321,442,7819
2021-08-20,64028,118,10290,3669,1038,5882,202,26560,8494,1853,775,13,489,11223,2105,596,3533,12935,200,5961,670,4072,2285,13283,16607,1637,11544,835,1405,1875,1339,442,7838
2021-08-21,64028,118,10290,3669,1038,5882,202,26560,8494,1853,775,13,489,11223,2105,596,3533,12935,200,5961,670,4072,2285,13283,16607,1637,11544,835,1405,1875,1339,442,7838
2021-08-22,64028,118,10290,3669,1038,5882,202,26560,8494,1853,775,13,489,11223,2105,596,3533,12935,200,5961,670,4072,2285,13283,16607,1637,11544,835,1405,1875,1339,442,7838
2021-08-23,64530,120,10454,3679,1042,5996,203,26722,8672,1872,781,13,495,11392,2130,605,3547,13023,205,6065,687,4110,2315,13409,16737,1675,11645,839,1412,1911,1354,442,7912
2021-08-24,64784,120,10472,3690,1045,6038,203,26770,8721,1874,783,13,495,11531,2144,605,3552,13035,206,6094,695,4117,2322,13467,16792,1704,11666,841,1416,1922,1359,442,7950
2021-08-25,65020,120,10506,3694,1052,6070,205,26804,8778,1880,785,13,497,11637,2152,611,3556,13067,207,6110,699,4124,2334,13499,16830,1709,11684,844,1419,1936,1367,442,7985
2021-08-26,65241,122,10580,3713,1054,6109,206,26880,8824,1882,787,13,500,11731,2161,612,3560,13098,210,6137,713,4145,2346,13537,16873,1726,11741,849,1426,1954,1374,442,8012
2021-08-27,65412,122,10685,3722,1071,6164,209,26953,8908,1885,789,13,502,11809,2184,613,3570,13129,212,6162,725,4155,2355,13570,16931,1751,11782,851,1434,1964,1387,442,8048
2021-08-28,65412,122,10685,3722,1071,6164,209,26953,8908,1885,789,13,502,11809,2184,613,3570,13129,212,6162,725,4155,2355,13570,16931,1751,11782,851,1434,1964,1387,442,8048
2021-08-29,65412,122,10685,3722,1071,6164,209,26953,8908,1885,789,13,502,11809,2184,613,3570,13129,212,6162,725,4155,2355,13570,16931,1751,11782,851,1434,1964,1387,442,8048
2021-08-30,65962,124,10835,3732,1089,6301,210,27162,9106,1893,794,14,509,11968,2225,616,3599,13160,215,6261,736,4191,2386,13656,17068,1827,11855,857,1458,1997,1407,444,8128
2021-08-31,66140,124,10879,3738,1091,6338,211,27206,9148,1894,795,14,511,12094,2233,617,3607,13188,217,6271,744,4203,2387,13691,17116,1908,11890,862,1465,2013,1415,445,8158
2021-09-01,66361,124,10922,3742,1106,6371,211,27275,9217,1899,798,14,513,12181,2262,617,3619,13214,217,6312,750,4206,2398,13729,17179,1941,11909,862,1475,2021,1420,445,8177
2021-09-02,66582,131,11038,3762,1112,6397,211,27362,9276,1905,799,14,514,12277,2276,620,3640,13240,217,6337,756,4222,2406,13775,17233,1965,11944,865,1483,2032,1423,448,8213
2021-09-03,66754,132,11134,3765,1129,6451,211,27440,9339,1915,801,14,514,12358,2309,623,3644,13272,220,6362,762,4235,2435,13812,17279,2000,11965,868,1494,2041,1432,449,8226
2021-09-04,66754,132,11134,3765,1129,6451,211,27440,9339,1915,801,14,514,12358,2309,623,3644,13272,220,6362,762,4235,2435,13812,17279,2000,11965,868,1494,2041,1432,449,8226
2021-09-05,66754,132,11134,3765,1129,6451,211,27440,9339,1915,801,14,514,12358,2309,623,3644,13272,220,6362,762,4235,2435,13812,17279,2000,11965,868,1494,2041,1432,449,8226
2021-09-06,66754,132,11134,3765,1129,6451,211,27440,9339,1915,801,14,514,12358,2309,623,3644,13272,220,6362,762,4235,2435,13812,17279,2000,11965,868,1494,2041,1432,449,8226
2021-09-07,67462,132,11302,3779,1144,6570,212,27623,9477,1932,805,14,519,12534,2365,630,3662,13358,229,6449,778,4273,2455,13977,17402,2065,12058,893,1512,2086,1460,452,8280
2021-09-08,67547,133,11344,3788,1145,6590,212,27696,9508,1937,805,14,519,12642,2381,630,3663,13390,230,6463,782,4274,2457,13992,17433,2076,12070,894,1516,2096,1462,452,8289
2021-09-09,67666,133,11405,3798,1151,6619,212,27735,9536,1937,810,14,519,12703,2388,630,3670,13413,232,6473,793,4280,2476,14014,17475,2099,12086,898,1522,2098,1468,454,8299
2021-09-10,67826,133,11475,3806,1174,6648,215,27835,9603,1944,811,14,520,12806,2398,632,3682,13418,238,6508,797,4286,2480,14076,17511,2132,12108,899,1535,2103,1471,458,8344
2021-09-11,67826,133,11475,3806,1174,6648,215,27835,9603,1944,811,14,520,12806,2398,632,3682,13418,238,6508,797,4286,2480,14076,17511,2132,12108,899,1535,2103,1471,458,8344
2021-09-12,67826,133,11475,3806,1174,6648,215,27835,9603,1944,811,14,520,12806,2398,632,3682,13418,238,6508,797,4286,2480,14076,17511,2132,12108,899,1535,2103,1471,458,8344
2021-09-13,68316,134,11571,3822,1181,6726,217,27976,9697,1956,811,14,524,12923,2440,635,3707,13476,246,6580,809,4310,2495,14215,17589,2184,12169,911,1550,2143,1483,465,8388
2021-09-14,68530,134,11585,3831,1188,6758,217,28045,9731,1965,814,14,524,13029,2451,635,3711,13485,247,6606,814,4312,2504,14259,17632,2202,12187,920,1552,2147,1489,465,8416
2021-09-15,68749,134,11612,3838,1202,6780,217,28115,9756,1975,815,14,526,13108,2460,637,3715,13494,247,6628,818,4323,2507,14291,17682,2205,12200,924,1557,2156,1497,465,8438
2021-09-16,68980,134,11666,3860,1208,6810,217,28191,9784,1981,815,14,526,13170,2505,638,3717,13518,254,6660,829,4338,2516,14346,17734,2238,12223,925,1560,2161,1514,470,8460
2021-09-17,69097,134,11733,3865,1220,6840,217,28272,9864,1991,817,14,526,13259,2523,639,3725,13541,255,6689,837,4351,2521,14378,17792,2242,12248,930,1566,2165,1517,472,8480
2021-09-18,69097,134,11733,3865,1220,6840,217,28272,9864,1991,817,14,526,13259,2523,639,3725,13541,255,6689,837,4351,2521,14378,17792,2242,12248,930,1566,2165,1517,472,8480
2021-09-19,69097,134,11733,3865,1220,6840,217,28272,9864,1991,817,14,526,13259,2523,639,3725,13541,255,6689,837,4351,2521,14378,17792,2242,12248,930,1566,2165,1517,472,8480
2021-09-20,69469,136,11803,3889,1233,6891,217,28396,9943,2002,819,15,531,13359,2541,644,3731,13594,259,6760,854,4385,2530,14482,17903,2276,12318,936,1569,2183,1543,478,8540
2021-09-21,69572,136,11808,3890,1241,6905,217,28441,9967,2011,819,15,532,13420,2542,645,3731,13606,259,6776,862,4390,2532,14507,17925,2278,12332,936,1570,2187,1546,478,8563
2021-09-22,69781,136,11859,3904,1254,6924,218,28479,10013,2017,819,15,532,13460,2548,646,3739,13629,268,6804,871,4407,2538,14557,17959,2286,12350,937,1579,2190,1553,480,8601
2021-09-23,69947,136,11919,3918,1258,6945,218,28547,10059,2027,827,15,532,13495,2575,646,3745,13638,269,6842,878,4422,2543,14591,18012,2301,12387,938,1579,2192,1558,485,8631
2021-09-24,70145,138,11964,3929,1267,6967,219,28583,10107,2031,834,15,534,13519,2585,648,3748,13655,272,6884,893,4432,2548,14635,18059,2306,12423,941,1580,2194,1572,488,8673
2021-09-25,70145,138,11964,3929,1267,6967,219,28583,10107,2031,834,15,534,13519,2585,648,3748,13655,272,6884,893,4432,2548,14635,18059,2306,12423,941,1580,2194,1572,488,8673
2021-09-26,70145,138,11964,3929,1267,6967,219,28583,10107,2031,834,15,534,13519,2585,648,3748,13655,272,6884,893,4432,2548,14635,18059,2306,12423,941,1580,2194,1572,488,8673
2021-09-27,70722,143,12062,3955,1282,7050,220,28733,10195,2057,835,15,539,13626,2618,656,3763,13698,283,6982,906,4473,2562,14740,18229,2325,12513,943,1586,2205,1592,494,8772
2021-09-28,70857,144,12077,3970,1289,7062,220,28782,10231,2060,837,15,539,13666,2622,656,3769,13780,284,7001,916,4479,2565,14785,18294,2333,12522,944,1589,2211,1599,497,8789
2021-09-29,71025,144,12115,3986,1291,7072,220,28810,10272,2075,837,16,540,13728,2637,660,3773,13786,288,7026,923,4488,2572,14824,18352,2354,12542,947,1594,2214,1604,497,8805
2021-09-30,71328,144,12152,4000,1309,7079,220,28852,10317,2085,840,16,540,13759,2659,665,3787,13841,292,7062,935,4503,2579,14875,18492,2372,12576,954,1596,2222,1617,498,8858
2021-10-01,71541,144,12200,4010,1318,7104,220,28903,10352,2092,841,16,540,13809,2674,668,3794,13876,302,7086,940,4511,2583,14926,18573,2385,12603,957,1600,2225,1628,498,8883
2021-10-02,71541,144,12200,4010,1318,7104,220,28903,10352,2092,841,16,540,13809,2674,668,3794,13876,302,7086,940,4511,2583,14926,18573,2385,12603,957,1600,2225,1628,498,8883
2021-10-03,71541,144,12200,4010,1318,7104,220,28903,10352,2092,841,16,540,13809,2674,668,3794,13876,302,7086,940,4511,2583,14926,18573,2385,12603,957,1600,2225,1628,498,8883
2021-10-04,71952,145,12277,4030,1324,7128,220,29029,10419,2117,843,21,541,13863,2687,682,3809,14021,313,7225,947,4541,2590,15025,18826,2412,12698,970,1604,2237,1637,498,8946
2021-10-05,72106,146,12308,4037,1328,7135,221,29049,10433,2124,849,27,542,13891,2692,683,3811,14055,313,7250,948,4548,2597,15057,18875,2418,12729,974,1605,2254,1643,499,8968
2021-10-06,72317,147,12338,4050,1340,7143,223,29102,10461,2148,850,27,546,13931,2717,686,3819,14107,317,7287,960,4562,2601,15120,18946,2431,12751,979,1613,2256,1648,501,9023
2021-10-07,72529,147,12384,4058,1347,7159,223,29147,10507,2166,851,29,547,13963,2731,720,3824,14146,319,7343,966,4568,2611,15186,19183,2448,12793,982,1621,2259,1663,504,9046
2021-10-08,72769,147,12439,4071,1360,7173,224,29208,10535,2184,852,34,548,13989,2749,722,3824,14178,327,7401,973,4581,2615,15240,19347,2456,12855,985,1632,2272,1673,505,9075
2021-10-09,72769,147,12439,4071,1360,7173,224,29208,10535,2184,852,34,548,13989,2749,722,3824,14178,327,7401,973,4581,2615,15240,19347,2456,12855,985,1632,2272,1673,505,9075
2021-10-10,72769,147,12439,4071,1360,7173,224,29208,10535,2184,852,34,548,13989,2749,722,3824,14178,327,7401,973,4581,2615,15240,19347,2456,12855,985,1632,2272,1673,505,9075
2021-10-11,72769,147,12439,4071,1360,7173,224,29208,10535,2184,852,34,548,13989,2749,722,3824,14178,327,7401,973,4581,2615,15240,19347,2456,12855,985,1632,2272,1673,505,9075
2021-10-12,73281,180,12511,4191,1375,7199,226,29364,10610,2237,853,41,551,14088,2762,743,3854,14294,343,7612,981,4600,2630,15374,19716,2488,12957,1007,1649,2293,1685,506,9169
2021-10-13,73479,181,12552,4202,1377,7209,226,29440,10640,2257,854,41,551,14110,2769,751,3865,14339,343,7635,984,4616,2640,15416,19777,2499,12982,1010,1651,2294,1689,508,9191
2021-10-14,73666,187,12606,4212,1381,7224,227,29515,10671,2280,857,42,556,14129,2776,766,3870,14394,345,7672,988,4634,2644,15470,19894,2512,13026,1015,1656,2304,1701,511,9223
2021-10-15,73866,196,12634,4222,1390,7233,229,29563,10695,2308,858,42,556,14136,2805,766,3877,14432,355,7742,991,4646,2651,15522,20008,2524,13062,1016,1661,2313,1707,512,9237
2021-10-16,73866,196,12634,4222,1390,7233,229,29563,10695,2308,858,42,556,14136,2805,766,3877,14432,355,7742,991,4646,2651,15522,20008,2524,13062,1016,1661,2313,1707,512,9237
2021-10-17,73866,196,12634,4222,1390,7233,229,29563,10695,2308,858,42,556,14136,2805,766,3877,14432,355,7742,991,4646,2651,15522,20008,2524,13062,1016,1661,2313,1707,512,9237
2021-10-18,74239,199,12708,4243,1406,7262,231,29707,10734,2344,858,43,562,14170,2843,780,3886,14530,359,7874,995,4696,2671,15640,20393,2548,13128,1029,1671,2327,1731,520,9305
2021-10-19,74408,199,12720,4250,1413,7265,235,29741,10748,2353,859,43,563,14180,2848,783,3891,14565,359,7895,997,4705,2675,15670,20462,2554,13147,1032,1680,2333,1733,523,9319
2021-10-20,74523,200,12741,4265,1419,7273,235,29818,10761,2359,860,43,565,14198,2853,786,3896,14628,362,7919,1002,4721,2684,15729,20563,2558,13165,1035,1685,2334,1736,524,9337
2021-10-21,74806,201,12786,4280,1425,7282,235,29916,10788,2393,861,43,566,14222,2899,789,3920,14685,364,7975,1003,4776,2687,15791,20732,2563,13202,1039,1685,2340,1745,524,9386
2021-10-22,75035,201,12813,4289,1434,7298,236,30015,10803,2434,864,43,569,14241,2911,791,3929,14736,365,8043,1008,4792,2691,15862,20899,2566,13237,1044,1694,2352,1753,525,9418
2021-10-23,75035,201,12813,4289,1434,7298,236,30015,10803,2434,864,43,569,14241,2911,791,3929,14736,365,8043,1008,4792,2691,15862,20899,2566,13237,1044,1694,2352,1753,525,9418
2021-10-24,75035,201,12813,4289,1434,7298,236,30015,10803,2434,864,43,569,14241,2911,791,3929,14736,365,8043,1008,4792,2691,15862,20899,2566,13237,1044,1694,2352,1753,525,9418
2021-10-25,75623,207,12867,4308,1460,7334,237,30278,10848,2537,866,43,573,14277,2931,793,3965,14802,368,8201,1015,4840,2701,16000,21320,2589,13314,1047,1711,2383,1761,525,9488
2021-10-26,75770,209,12884,4320,1465,7353,238,30346,10864,2548,867,43,573,14300,2939,794,3975,14851,368,8256,1020,4851,2715,16040,21409,2595,13342,1051,1716,2390,1764,527,9515
2021-10-27,75987,213,12924,4337,1474,7372,241,30395,10888,2617,867,43,576,14330,2964,794,3990,14938,369,8280,1030,4896,2731,16104,21486,2601,13381,1058,1723,2411,1768,527,9540
2021-10-28,76290,216,12987,4354,1482,7381,244,30591,10929,2671,867,44,578,14353,2996,796,4006,15025,370,8316,1032,4937,2734,16140,21652,2623,13422,1065,1739,2431,1772,530,9582
2021-10-29,76525,218,13017,4361,1494,7392,249,30704,10955,2709,868,44,581,14369,3003,802,4015,15089,374,8408,1036,4941,2739,16191,21823,2636,13456,1073,1745,2441,1779,530,9642
2021-10-30,76525,218,13017,4361,1494,7392,249,30704,10955,2709,868,44,581,14369,3003,802,4015,15089,374,8408,1036,4941,2739,16191,21823,2636,13456,1073,1745,2441,1779,530,9642
2021-10-31,76525,218,13017,4361,1494,7392,249,30704,10955,2709,868,44,581,14369,3003,802,4015,15089,374,8408,1036,4941,2739,16191,21823,2636,13456,1073,1745,2441,1779,530,9642
2021-11-01,77181,223,13085,4383,1516,7429,253,31033,10995,2778,868,44,584,14399,3039,807,4050,15224,378,8569,1047,5016,2768,16333,22230,2657,13558,1084,1758,2495,1794,531,9726
2021-11-02,77356,225,13090,4389,1528,7446,255,31115,11015,2792,870,44,585,14412,3048,809,4061,15268,379,8607,1050,5036,2778,16375,22306,2660,13585,1091,1765,2501,1797,534,9737
2021-11-03,77628,230,13125,4409,1541,7458,257,31215,11039,2856,872,44,597,14432,3063,810,4069,15345,380,8663,1052,5103,2792,16427,22482,2668,13632,1096,1770,2510,1803,535,9767
2021-11-04,77961,231,13180,4427,1547,7476,264,31437,11069,2923,874,44,600,14454,3117,811,4098,15424,381,8713,1054,5131,2807,16512,22768,2686,13691,1100,1774,2548,1811,545,9824
2021-11-05,78333,232,13214,4438,1552,7487,276,31649,11098,2987,877,44,603,14468,3141,817,4117,15476,381,8803,1056,5161,2814,16591,22983,2698,13750,1106,1794,2563,1821,546,9866
2021-11-06,78333,232,13214,4438,1552,7487,276,31649,11098,2987,877,44,603,14468,3141,817,4117,15476,381,8803,1056,5161,2814,16591,22983,2698,13750,1106,1794,2563,1821,546,9866
2021-11-07,78333,232,13214,4438,1552,7487,276,31649,11098,2987,877,44,603,14468,3141,817,4117,15476,381,8803,1056,5161,2814,16591,22983,2698,13750,1106,1794,2563,1821,546,9866
2021-11-08,79097,235,13293,4519,1592,7535,276,32208,11150,3070,881,44,608,14512,3179,831,4177,15614,383,8935,1064,5233,2833,16738,23501,2723,13912,1121,1816,2618,1836,571,9981
2021-11-09,79512,238,13317,4526,1608,7548,280,32295,11188,3084,882,44,609,14532,3188,831,4189,15674,383,8970,1067,5247,2835,16809,23614,2731,13954,1131,1821,2623,1839,573,10079
2021-11-10,79897,244,13348,4550,1618,7555,284,32507,11204,3154,883,44,613,14557,3196,836,4204,15743,383,8996,1078,5293,2835,16872,23802,2739,13986,1135,1832,2629,1844,574,10122
2021-11-11,79897,244,13348,4550,1618,7555,284,32507,11204,3154,883,44,613,14557,3196,836,4204,15743,383,8996,1078,5293,2835,16872,23802,2739,13986,1135,1832,2629,1844,574,10122
2021-11-12,80823,248,13451,4581,1652,7588,289,32966,11266,3288,887,47,616,14596,3230,845,4258,15895,384,9117,1116,5342,2852,17073,24357,2789,14148,1161,1861,2674,1875,577,10226
2021-11-13,80823,248,13451,4581,1652,7588,289,32966,11266,3288,887,47,616,14596,3230,845,4258,15895,384,9117,1116,5342,2852,17073,24357,2789,14148,1161,1861,2674,1875,577,10226
2021-11-14,80823,248,13451,4581,1652,7588,289,32966,11266,3288,887,47,616,14596,3230,845,4258,15895,384,9117,1116,5342,2852,17073,24357,2789,14148,1161,1861,2674,1875,577,10226
2021-11-15,81829,251,13549,4600,1664,7638,296,33526,11325,3356,889,48,621,14619,3244,855,4325,16012,384,9363,1133,5395,2858,17302,24938,2825,14292,1179,1889,2694,1913,585,10370
2021-11-16,82126,251,13559,4624,1681,7650,301,33699,11364,3361,891,48,621,14631,3258,859,4336,16052,384,9404,1162,5414,2861,17374,25019,2837,14324,1195,1897,2697,1920,588,10402
2021-11-17,82547,251,13596,4636,1694,7667,305,33934,11401,3432,892,48,623,14641,3293,864,4371,16154,385,9441,1174,5447,2863,17492,25131,2868,14352,1203,1918,2705,1927,589,10469
2021-11-18,83014,251,13657,4646,1702,7698,305,34238,11452,3462,897,49,625,14652,3313,883,4390,16226,387,9490,1187,5475,2875,17588,25386,2883,14418,1216,1953,2715,1935,591,10542
2021-11-19,83500,252,13716,4660,1710,7745,305,34459,11481,3486,900,50,625,14671,3329,885,4407,16285,390,9552,1207,5511,2940,17710,25643,2905,14521,1227,1975,2741,1953,595,10601
2021-11-20,83500,252,13716,4660,1710,7745,305,34459,11481,3486,900,50,625,14671,3329,885,4407,16285,390,9552,1207,5511,2940,17710,25643,2905,14521,1227,1975,2741,1953,595,10601
2021-11-21,83500,252,13716,4660,1710,7745,305,34459,11481,3486,900,50,625,14671,3329,885,4407,16285,390,9552,1207,5511,2940,17710,25643,2905,14521,1227,1975,2741,1953,595,10601
2021-11-22,84489,253,13816,4680,1737,7787,310,35194,11541,3558,904,50,629,14703,3358,892,4439,16414,393,9670,1224,5573,2955,17956,25954,2939,14762,1256,2007,2786,1976,619,10755
2021-11-23,84858,254,13829,4693,1766,7802,314,35369,11553,3583,905,50,629,14717,3358,894,4449,16436,395,9692,1237,5586,2959,18169,26031,2952,14799,1260,2019,2792,1983,622,10788
2021-11-24,85278,254,13869,4706,1771,7819,318,35598,11590,3610,909,50,630,14729,3377,901,4464,16517,395,9738,1250,5618,2979,18284,26113,2961,14858,1267,2026,2801,1988,628,10856
2021-11-25,85278,254,13869,4706,1771,7819,318,35598,11590,3610,909,50,630,14729,3377,901,4464,16517,395,9738,1250,5618,2979,18284,26113,2961,14858,1267,2026,2801,1988,628,10856
2021-11-26,85278,254,13869,4706,1771,7819,318,35598,11590,3610,909,50,630,14729,3377,901,4464,16517,395,9738,1250,5618,2979,18284,26113,2961,14858,1267,2026,2801,1988,628,10856
2021-11-27,85278,254,13869,4706,1771,7819,318,35598,11590,3610,909,50,630,14729,3377,901,4464,16517,395,9738,1250,5618,2979,18284,26113,2961,14858,1267,2026,2801,1988,628,10856
2021-11-28,85278,254,13869,4706,1771,7819,318,35598,11590,3610,909,50,630,14729,3377,901,4464,16517,395,9738,1250,5618,2979,18284,26113,2961,14858,1267,2026,2801,1988,628,10856
2021-11-29,86722,258,14032,4766,1783,7904,321,36386,11666,3725,917,50,631,14789,3410,912,4523,16693,400,9868,1293,5689,3007,18671,26517,3019,15116,1305,2103,2851,2025,636,11052
2021-11-30,87061,259,14054,4782,1858,7928,327,36542,11699,3737,919,50,633,14809,3420,912,4535,16723,402,9934,1311,5710,3016,18788,26595,3030,15161,1311,2118,2860,2032,641,11107
2021-12-01,87624,262,14120,4792,1866,7960,330,36854,11736,3761,923,50,637,14832,3456,917,4547,16791,406,9958,1333,5757,3044,18896,26753,3047,15215,1321,2159,2870,2040,642,11190
2021-12-02,88234,264,14199,4812,1869,8011,336,37147,11816,3788,930,50,638,14866,3473,926,4567,16858,411,10035,1353,5788,3064,19033,26872,3066,15310,1334,2190,2888,2056,647,11304
2021-12-03,89031,267,14265,4829,1870,8059,337,37469,11846,3835,931,50,638,14887,3484,935,4580,16914,418,10134,1371,5836,3107,19190,26990,3094,15417,1353,2229,2926,2065,652,11511
2021-12-04,89031,267,14265,4829,1870,8059,337,37469,11846,3835,931,50,638,14887,3484,935,4580,16914,418,10134,1371,5836,3107,19190,26990,3094,15417,1353,2229,2926,2065,652,11511
2021-12-05,89031,267,14265,4829,1870,8059,337,37469,11846,3835,931,50,638,14887,3484,935,4580,16914,418,10134,1371,5836,3107,19190,26990,3094,15417,1353,2229,2926,2065,652,11511
2021-12-06,90355,267,14414,4850,1872,8134,341,38073,11910,3864,933,50,638,14922,3508,949,4622,17014,423,10269,1400,5901,3128,19409,27206,3130,15593,1379,2276,2995,2083,657,11746
2021-12-07,90690,267,14433,4866,1879,8164,348,38170,11928,3870,935,52,638,14939,3516,950,4637,17034,426,10305,1410,5906,3148,19517,27266,3137,15624,1385,2286,3006,2087,661,11788
2021-12-08,91133,267,14508,4885,1886,8194,358,38383,11965,3890,935,52,641,14962,3528,956,4663,17076,427,10339,1421,5929,3158,19615,27358,3162,15698,1388,2303,3014,2093,666,11859
2021-12-09,91622,272,14601,4901,1890,8232,363,38599,12014,3912,936,52,644,15007,3530,959,4714,17113,431,10379,1437,5953,3181,19730,27407,3171,15794,1399,2314,3057,2109,673,11929
2021-12-10,91981,273,14655,4917,1890,8282,370,38784,12065,3929,937,52,650,15035,3544,967,4730,17149,433,10462,1462,5971,3260,19796,27491,3188,15874,1411,2336,3069,2122,681,12002
2021-12-11,91981,273,14655,4917,1890,8282,370,38784,12065,3929,937,52,650,15035,3544,967,4730,17149,433,10462,1462,5971,3260,19796,27491,3188,15874,1411,2336,3069,2122,681,12002
2021-12-12,91981,273,14655,4917,1890,8282,370,38784,12065,3929,937,52,650,15035,3544,967,4730,17149,433,10462,1462,5971,3260,19796,27491,3188,15874,1411,2336,3069,2122,681,12002
2021-12-13,92839,273,14762,4941,1895,8338,373,39029,12133,3958,938,54,657,15091,3557,975,4750,17194,442,10503,1482,6031,3288,19983,27652,3220,16000,1418,2364,3105,2139,688,12137
2021-12-14,93099,273,14774,4947,1901,8355,374,39122,12162,3959,943,55,656,15129,3564,975,4752,17211,443,10529,1491,6039,3287,20041,27679,3225,16011,1420,2378,3126,2145,698,12181
2021-12-15,93472,274,14855,4972,1908,8418,375,39295,12213,3987,946,55,661,15157,3602,977,4774,17233,444,10567,1502,6070,3319,20135,27750,3249,16068,1427,2397,3130,2150,702,12240
2021-12-16,93863,278,14933,4981,1910,8460,376,39481,12250,4018,946,55,663,15185,3611,987,4786,17255,448,10587,1511,6092,3370,20209,27805,3265,16135,1430,2411,3146,2159,706,12295
2021-12-17,94193,279,14998,5013,1924,8499,380,39621,12293,4041,948,55,664,15211,3619,989,4792,17272,451,10621,1521,6116,3387,20267,27861,3282,16236,1435,2433,3162,2165,711,12338
2021-12-18,94193,279,14998,5013,1924,8499,380,39621,12293,4041,948,55,664,15211,3619,989,4792,17272,451,10621,1521,6116,3387,20267,27861,3282,16236,1435,2433,3162,2165,711,12338
2021-12-19,94193,279,14998,5013,1924,8499,380,39621,12293,4041,948,55,664,15211,3619,989,4792,17272,451,10621,1521,6116,3387,20267,27861,3282,16236,1435,2433,3162,2165,711,12338
2021-12-20,95345,281,15091,5024,1931,8590,383,39999,12333,4090,952,55,671,15268,3633,996,4821,17321,457,10678,1533,6149,3406,20456,27971,3303,16442,1445,2453,3182,2198,716,12721
2021-12-21,95608,281,15121,5030,1937,8609,390,40061,12378,4103,952,55,671,15299,3637,998,4827,17331,457,10690,1536,6158,3408,20530,27999,3316,16476,1447,2456,3185,2199,718,12741
2021-12-22,95842,281,15187,5035,1939,8623,391,40153,12403,4150,953,55,676,15340,3651,997,4835,17362,458,10707,1540,6172,3411,20574,28086,3335,16515,1458,2484,3192,2209,719,12776
2021-12-23,96225,283,15244,5041,1942,8654,391,40274,12433,4178,954,56,677,15373,3662,1003,4844,17383,460,10723,1551,6202,3448,20661,28128,3347,16599,1468,2497,3200,2212,722,12814
2021-12-24,96225,283,15244,5041,1942,8654,391,40274,12433,4178,954,56,677,15373,3662,1003,4844,17383,460,10723,1551,6202,3448,20661,28128,3347,16599,1468,2497,3200,2212,722,12814
2021-12-25,96225,283,15244,5041,1942,8654,391,40274,12433,4178,954,56,677,15373,3662,1003,4844,17383,460,10723,1551,6202,3448,20661,28128,3347,16599,1468,2497,3200,2212,722,12814
2021-12-26,96225,283,15244,5041,1942,8654,391,40274,12433,4178,954,56,677,15373,3662,1003,4844,17383,460,10723,1551,6202,3448,20661,28128,3347,16599,1468,2497,3200,2212,722,12814
2021-12-27,97176,284,15413,5079,1950,8900,392,40548,12500,4226,958,56,689,15431,3686,1011,4867,17439,462,10847,1566,6259,3469,20882,28225,3376,16844,1477,2519,3234,2232,736,12930
2021-12-28,97478,285,15440,5084,1955,8924,395,40580,12515,4229,958,58,689,15467,3691,1011,4875,17449,465,10867,1570,6271,3485,20972,28276,3381,16882,1480,2525,3260,2239,739,12966
2021-12-29,97885,288,15477,5101,1959,8965,398,40785,12556,4302,960,58,698,15547,3702,1013,4890,17490,469,10895,1574,6288,3506,21048,28338,3397,16967,1482,2535,3267,2249,744,12998
2021-12-30,98677,289,15633,5118,1976,8996,400,41044,12606,4366,964,58,707,15625,3714,1033,4906,17533,472,10918,1577,6329,3509,21183,28401,3429,17151,1493,2562,3288,2259,748,13079
2021-12-31,98677,289,15633,5118,1976,8996,400,41044,12606,4366,964,58,707,15625,3714,1033,4906,17533,472,10918,1577,6329,3509,21183,28401,3429,17151,1493,2562,3288,2259,748,13079
2022-01-01,98677,289,15633,5118,1976,8996,400,41044,12606,4366,964,58,707,15625,3714,1033,4906,17533,472,10918,1577,6329,3509,21183,28401,3429,17151,1493,2562,3288,2259,748,13079
2022-01-02,98677,289,15633,5118,1976,8996,400,41044,12606,4366,964,58,707,15625,3714,1033,4906,17533,472,10918,1577,6329,3509,21183,28401,3429,17151,1493,2562,3288,2259,748,13079
2022-01-03,101180,299,15924,5168,2008,9129,409,42010,12711,4500,965,58,726,15841,3786,1126,4967,17732,485,11103,1590,6499,3538,21701,28697,3517,17845,1518,2598,3375,2293,758,13424
2022-01-04,101683,300,15970,5184,2015,9191,417,42173,12767,4517,969,58,728,15939,3803,1135,4977,17778,496,11151,1599,6524,3584,21798,28798,3547,17942,1518,2606,3383,2335,759,13472
2022-01-05,102607,301,16006,5223,2023,9246,419,42319,12846,4581,976,59,735,16089,3824,1138,4989,17952,497,11199,1605,6539,3630,21980,28958,3586,18079,1530,2643,3398,2349,773,13530
2022-01-06,103687,301,16065,5271,2047,9319,423,42566,12942,4667,979,59,756,16234,3850,1167,5003,18136,501,11286,1614,6616,3648,22251,29146,3636,18341,1536,2655,3431,2364,777,13587
2022-01-07,104976,301,16104,5328,2062,9383,426,43274,13040,4738,998,59,774,16391,3873,1236,5023,18340,509,11355,1622,6734,3706,22547,29391,3678,18735,1542,2676,3469,2384,782,13657
2022-01-08,104976,301,16104,5328,2062,9383,426,43274,13040,4738,998,59,774,16391,3873,1236,5023,18340,509,11355,1622,6734,3706,22547,29391,3678,18735,1542,2676,3469,2384,782,13657
2022-01-09,104976,301,16104,5328,2062,9383,426,43274,13040,4738,998,59,774,16391,3873,1236,5023,18340,509,11355,1622,6734,3706,22547,29391,3678,18735,1542,2676,3469,2384,782,13657
2022-01-10,108195,307,16243,5474,2097,9544,431,44307,13162,4848,1013,60,801,16714,3938,1350,5132,18854,522,11547,1629,6920,3732,23146,30068,3797,19389,1568,2732,3610,2417,793,14023
2022-01-11,109067,309,16386,5544,2107,9608,436,44610,13272,4855,1015,60,803,16854,3949,1383,5159,18996,523,11656,1648,6964,3773,23366,30274,3839,19582,1579,2749,3639,2427,795,14068
2022-01-12,111072,316,17230,5622,2151,9739,448,45623,13362,4922,1034,61,816,17119,4002,1424,5195,19250,533,11757,1678,7090,3822,23793,30648,3917,20070,1582,2774,3681,2473,810,14193
2022-01-13,112580,321,17469,5664,2180,9826,459,46617,13509,4986,1037,61,827,17331,4106,1439,5237,19496,534,11879,1704,7165,3892,24148,31062,4036,20388,1601,2823,3719,2494,819,14320
2022-01-14,113944,323,17656,5756,2208,9948,462,47253,13642,5065,1052,62,848,17525,4153,1501,5294,19773,541,11957,1726,7304,3981,24490,31505,4089,20786,1624,2865,3775,2535,826,14443
2022-01-15,113944,323,17656,5756,2208,9948,462,47253,13642,5065,1052,62,848,17525,4153,1501,5294,19773,541,11957,1726,7304,3981,24490,31505,4089,20786,1624,2865,3775,2535,826,14443
2022-01-16,113944,323,17656,5756,2208,9948,462,47253,13642,5065,1052,62,848,17525,4153,1501,5294,19773,541,11957,1726,7304,3981,24490,31505,4089,20786,1624,2865,3775,2535,826,14443
2022-01-17,113944,323,17656,5756,2208,9948,462,47253,13642,5065,1052,62,848,17525,4153,1501,5294,19773,541,11957,1726,7304,3981,24490,31505,4089,20786,1624,2865,3775,2535,826,14443
2022-01-18,120036,337,18346,6021,2279,10506,475,50111,14221,5267,1094,63,872,18030,4313,1781,5469,20761,571,12481,1761,7795,4137,26332,32892,4411,22588,1665,2987,4054,2621,850,14955
2022-01-19,121703,339,18631,6130,2298,10635,486,50955,14348,5396,1107,64,894,18260,4359,1813,5509,21027,575,12719,1784,7938,4174,26693,33171,4461,22828,1689,3018,4170,2643,855,15216
2022-01-20,123249,341,18849,6244,2335,10703,495,51544,14593,5447,1123,64,906,18432,4469,1941,5582,21260,582,12852,1803,8081,4205,27178,33519,4561,23343,1699,3085,4243,2660,864,15635
2022-01-21,124722,347,19125,6343,2362,10902,502,52476,14905,5498,1143,64,925,18546,4516,2019,5663,21569,589,13002,1815,8199,4245,27503,34011,4666,23706,1719,3167,4305,2699,867,15797
2022-01-22,124722,347,19125,6343,2362,10902,502,52476,14905,5498,1143,64,925,18546,4516,2019,5663,21569,589,13002,1815,8199,4245,27503,34011,4666,23706,1719,3167,4305,2699,867,15797
2022-01-23,124722,347,19125,6343,2362,10902,502,52476,14905,5498,1143,64,925,18546,4516,2019,5663,21569,589,13002,1815,8199,4245,27503,34011,4666,23706,1719,3167,4305,2699,867,15797
2022-01-24,128833,361,19634,6564,2422,11205,508,54495,15367,5601,1167,67,938,18784,4633,2152,5825,22461,616,13482,1830,8523,4293,28531,35237,4857,24604,1768,3269,4452,2761,891,16485
2022-01-25,129691,366,19811,6676,2429,11294,514,54912,15476,5630,1181,67,940,18894,4649,2161,5849,22633,621,13575,1846,8570,4347,28813,35428,4897,24794,1792,3301,4475,2776,897,16642
2022-01-26,130854,374,19868,6777,2448,11375,516,55295,15590,5673,1196,68,951,19037,4688,2205,5907,22904,628,13656,1858,8705,4364,29229,35676,4936,25038,1804,3341,4616,2783,902,16800
2022-01-27,132156,375,20067,6816,2461,11482,517,56294,15729,5719,1211,68,959,19101,4742,2237,6025,23201,648,13757,1875,8819,4377,29572,36157,5023,25271,1818,3384,4664,2797,914,17008
2022-01-28,133454,376,20271,6922,2470,11607,519,56964,15894,5810,1226,68,971,19188,4800,2332,6092,23428,659,13940,1882,8964,4445,29876,36477,5097,25597,1833,3471,4856,2828,919,17251
2022-01-29,133454,376,20271,6922,2470,11607,519,56964,15894,5810,1226,68,971,19188,4800,2332,6092,23428,659,13940,1882,8964,4445,29876,36477,5097,25597,1833,3471,4856,2828,919,17251
2022-01-30,133454,376,20271,6922,2470,11607,519,56964,15894,5810,1226,68,971,19188,4800,2332,6092,23428,659,13940,1882,8964,4445,29876,36477,5097,25597,1833,3471,4856,2828,919,17251
2022-01-31,135925,380,20783,7046,2529,11797,521,58314,16186,5948,1233,72,988,19333,4886,2393,6222,23876,685,14243,1897,9159,4614,30482,37295,5206,26110,1876,3545,4940,2862,933,17581
2022-02-01,136359,383,20802,7086,2533,11851,523,58482,16244,5974,1248,72,990,19398,4900,2397,6238,24007,695,14331,1899,9186,4654,30608,37478,5237,26200,1877,3551,4958,2867,944,17644
2022-02-02,136955,384,20871,7126,2542,11902,527,58840,16289,6022,1267,72,1003,19488,4922,2416,6257,24145,697,14380,1907,9282,4680,30809,37726,5283,26384,1891,3581,4981,2873,944,17761
2022-02-03,137682,386,21101,7213,2546,11989,530,59317,16412,6071,1270,72,1012,19599,4964,2448,6320,24304,701,14489,1918,9337,4701,31029,38110,5321,26544,1902,3606,4999,2886,948,17877
2022-02-04,138118,386,21190,7271,2550,12040,534,59729,16469,6124,1275,72,1017,19647,4974,2456,6352,24440,704,14540,1924,9355,4727,31138,38348,5334,26659,1914,3613,5027,2900,949,17925
2022-02-05,138118,386,21190,7271,2550,12040,534,59729,16469,6124,1275,72,1017,19647,4974,2456,6352,24440,704,14540,1924,9355,4727,31138,38348,5334,26659,1914,3613,5027,2900,949,17925
2022-02-06,138118,386,21190,7271,2550,12040,534,59729,16469,6124,1275,72,1017,19647,4974,2456,6352,24440,704,14540,1924,9355,4727,31138,38348,5334,26659,1914,3613,5027,2900,949,17925
2022-02-07,139486,387,21297,7324,2562,12134,537,60520,16561,6173,1284,73,1021,19734,4991,2478,6416,24675,713,14748,1932,9457,4772,31450,38705,5385,26892,1933,3637,5067,2928,956,18060
2022-02-08,139809,387,21308,7340,2571,12164,541,60825,16628,6192,1287,74,1022,19777,4996,2479,6439,24752,718,14795,1935,9475,4812,31551,38807,5393,26941,1938,3663,5081,2930,960,18094
2022-02-09,140275,387,21345,7360,2586,12196,546,61093,16692,6247,1293,74,1029,19813,5026,2489,6450,24827,719,14885,1938,9519,4838,31697,38934,5418,27038,1943,3688,5094,2935,961,18148
2022-02-10,140857,395,21380,7390,2595,12239,549,61330,16721,6289,1300,74,1037,19834,5045,2498,6467,24874,724,14939,1941,9543,4863,31876,39061,5451,27144,1955,3695,5112,2946,963,18217
2022-02-11,141211,395,21396,7428,2600,12247,550,61406,16738,6309,1310,74,1039,19846,5051,2510,6483,24966,725,15019,1943,9561,4883,31985,39156,5463,27224,1958,3701,5128,2951,967,18276
2022-02-12,141211,395,21396,7428,2600,12247,550,61406,16738,6309,1310,74,1039,19846,5051,2510,6483,24966,725,15019,1943,9561,4883,31985,39156,5463,27224,1958,3701,5128,2951,967,18276
2022-02-13,141211,395,21396,7428,2600,12247,550,61406,16738,6309,1310,74,1039,19846,5051,2510,6483,24966,725,15019,1943,9561,4883,31985,39156,5463,27224,1958,3701,5128,2951,967,18276
2022-02-14,142279,397,21467,7508,2611,12300,558,61650,16773,6344,1321,74,1043,19910,5066,2551,6527,25089,729,15118,1953,9577,4891,32257,39488,5493,27392,1974,3714,5141,3010,973,18445
2022-02-15,142528,397,21490,7510,2615,12311,560,61682,16784,6362,1322,74,1044,19922,5068,2559,6531,25118,730,15128,1954,9588,4904,32341,39522,5506,27431,1982,3715,5154,3012,976,18467
2022-02-16,142834,399,21506,7539,2617,12332,560,61803,16808,6391,1330,74,1049,19937,5081,2569,6558,25168,731,15164,1956,9607,4914,32431,39627,5522,27470,1984,3723,5165,3019,978,18513
2022-02-17,143135,399,21533,7555,2621,12355,564,61897,16834,6410,1334,74,1051,19949,5083,2581,6567,25203,736,15179,1958,9632,4918,32512,39724,5550,27528,1988,3728,5177,3025,982,18566
2022-02-18,143420,399,21547,7576,2627,12380,564,62072,16859,6436,1339,74,1061,19963,5093,2583,6590,25233,737,15192,1961,9653,4924,32569,39781,5571,27580,1992,3735,5195,3032,982,18602
2022-02-19,143420,399,21547,7576,2627,12380,564,62072,16859,6436,1339,74,1061,19963,5093,2583,6590,25233,737,15192,1961,9653,4924,32569,39781,5571,27580,1992,3735,5195,3032,982,18603
2022-02-20,143420,399,21547,7576,2627,12380,564,62072,16859,6436,1339,74,1061,19963,5093,2583,6590,25233,737,15192,1961,9653,4924,32569,39781,5571,27580,1992,3735,5195,3032,982,18603
2022-02-21,143815,401,21565,7606,2632,12415,566,62281,16884,6456,1418,74,1065,19982,5106,2605,6616,25291,741,15234,1964,9651,4929,32674,39916,5604,27694,2000,3747,5215,3058,990,18668
2022-02-22,143949,401,21567,7608,2632,12420,566,62300,16892,6460,1402,74,1065,19979,5111,2608,6616,25319,742,15240,1964,9638,4936,32720,39940,5611,27723,2000,3750,5215,3059,987,18684
2022-02-23,144122,401,21572,7623,2639,12438,566,62339,16903,6481,1406,74,1065,19986,5121,2610,6623,25332,742,15254,1966,9618,4940,32764,39976,5623,27780,2003,3756,5224,3062,989,18712
2022-02-24,144286,401,21581,7633,2642,12446,566,62425,16911,6489,1414,75,1065,19990,5128,2626,6635,25362,742,15265,1968,9612,4940,32818,40037,5645,27848,2006,3756,5229,3068,989,18732
2022-02-25,144430,402,21601,7639,2647,12456,566,62450,16920,6499,1414,75,1068,19999,5129,2635,6642,25396,743,15277,1969,9618,4950,32856,40074,5649,27868,2006,3757,5232,3069,994,18753
2022-02-26,144430,402,21601,7639,2647,12456,566,62450,16920,6499,1414,75,1068,19999,5129,2635,6642,25396,743,15277,1969,9618,4950,32856,40074,5649,27868,2006,3757,5232,3069,994,18753
2022-02-27,144430,402,21601,7639,2647,12456,566,62450,16920,6499,1414,75,1068,19999,5129,2635,6642,25396,743,15277,1969,9618,4950,32856,40074,5649,27868,2006,3757,5232,3069,994,18753
2022-02-28,144684,403,21602,7652,2648,12462,566,62505,16930,6510,1414,75,1071,20001,5136,2641,6653,25426,744,15294,1969,9626,4951,32898,40139,5658,27927,2010,3764,5238,3073,994,18770
2022-03-01,144904,405,21629,7673,2654,12477,566,62569,16938,6520,1420,77,1072,20006,5139,2652,6658,25455,747,15327,1972,9640,4953,32964,40183,5665,27973,2011,3769,5246,3074,995,18787
2022-03-02,145001,406,21631,7679,2661,12481,566,62596,16942,6531,1421,77,1074,20039,5145,2658,6660,25494,750,15352,1972,9644,4956,32994,40219,5681,28016,2014,3771,5248,3069,995,18799
2022-03-03,145083,407,21640,7681,2665,12485,567,62624,16949,6544,1435,78,1075,20052,5148,2669,6664,25521,751,15360,1973,9657,4962,33019,40277,5692,28037,2015,3773,5251,3075,996,18813
2022-03-04,145179,409,21648,7679,2667,12492,568,62672,16950,6548,1435,78,1076,20058,5150,2671,6667,25553,752,15371,1973,9660,4964,33049,40313,5703,28065,2013,3776,5254,3079,997,18828
2022-03-05,145179,409,21648,7679,2667,12492,568,62672,16950,6548,1435,78,1076,20058,5150,2671,6667,25553,752,15371,1973,9660,4964,33049,40313,5703,28065,2013,3776,5254,3079,997,18828
2022-03-06,145179,409,21648,7679,2667,12492,568,62672,16950,6548,1435,78,1076,20058,5150,2671,6667,25553,752,15371,1973,9660,4964,33049,40313,5703,28065,2013,3776,5254,3079,997,18828
2022-03-07,145388,410,21657,7690,2670,12502,568,62740,16954,6563,1468,80,1082,20065,5157,2678,6670,25590,751,15411,1974,9669,4965,33094,40357,5720,28104,2014,3779,5262,3100,998,18864
2022-03-08,145424,410,21659,7695,2670,12503,568,62758,16956,6573,1468,80,1083,20076,5162,2678,6673,25596,751,15418,1975,9670,4969,33102,40380,5726,28124,2015,3780,5263,3102,998,18865
2022-03-09,145504,410,21663,7705,2675,12508,568,62796,16964,6580,1468,80,1083,20085,5165,2682,6675,25613,751,15428,1975,9681,4972,33122,40403,5733,28178,2017,3780,5267,3103,999,18878
2022-03-10,145613,411,21666,7753,2682,12513,568,62816,16973,6590,1470,81,1085,20088,5166,2686,6674,25633,751,15436,1976,9689,4976,33153,40417,5740,28225,2019,3780,5272,3106,999,18894
2022-03-11,145682,413,21670,7763,2686,12521,569,62849,16974,6597,1472,81,1085,20092,5167,2692,6677,25642,752,15445,1981,9690,4979,33176,40433,5748,28243,2019,3781,5276,3107,1000,18902
2022-03-12,145682,413,21670,7763,2686,12521,569,62849,16974,6597,1472,81,1085,20092,5167,2692,6677,25642,752,15445,1981,9690,4979,33176,40433,5748,28243,2019,3781,5276,3107,1000,18902
2022-03-13,145682,413,21670,7763,2686,12521,569,62849,16974,6597,1472,81,1085,20092,5167,2692,6677,25642,752,15445,1981,9690,4979,33176,40433,5748,28243,2019,3781,5276,3107,1000,18902
2022-03-14,145825,413,21676,7764,2686,12526,570,62890,16979,6601,1472,81,1085,20097,5173,2698,6678,25657,753,15451,1981,9701,4979,33209,40455,5751,28298,2018,3781,5287,3109,1000,18910
2022-03-15,145869,413,21675,7770,2685,12530,570,62893,16980,6607,1472,81,1086,20098,5172,2698,6678,25649,754,15453,1985,9702,4981,33220,40461,5755,28306,2020,3781,5287,3109,1000,18916
2022-03-16,145923,413,21676,7773,2685,12534,570,62929,16983,6616,1473,81,1086,20101,5173,2700,6683,25669,754,15458,1985,9706,4982,33231,40471,5756,28323,2021,3781,5288,3109,1000,18916
2022-03-17,145983,413,21678,7780,2685,12538,570,62945,16985,6618,1473,81,1086,20103,5174,2700,6683,25680,754,15460,1987,9714,4983,33257,40486,5761,28347,2021,3781,5289,3109,1000,18931
2022-03-18,145983,413,21678,7780,2685,12538,570,62945,16985,6618,1473,81,1086,20103,5174,2700,6683,25680,754,15460,1987,9714,4983,33257,40486,5761,28347,2021,3781,5289,3109,1000,18931
2022-03-19,145983,413,21678,7780,2685,12538,570,62945,16985,6618,1473,81,1086,20103,5174,2700,6683,25680,754,15460,1987,9714,4983,33257,40486,5761,28347,2021,3781,5289,3109,1000,18931
2022-03-20,146040,413,21679,7785,2686,12540,570,62959,16986,6621,1473,81,1086,20107,5179,2701,6683,25692,755,15462,1987,9721,4984,33269,40492,5761,28359,2021,3781,5290,3109,1000,18938
2022-03-21,146168,413,21685,7786,2686,12542,572,62983,16990,6625,1473,81,1086,20111,5186,2702,6685,25705,758,15473,1988,9725,4985,33306,40502,5766,28385,2021,3783,5293,3116,1000,18969
2022-03-22,146198,413,21685,7786,2686,12542,572,62986,16991,6628,1473,81,1086,20112,5188,2702,6685,25708,759,15472,1988,9729,4985,33313,40549,5769,28392,2021,3784,5294,3113,1000,18971
2022-03-23,146250,413,21688,7788,2687,12544,572,63041,16993,6633,1473,81,1086,20112,5191,2706,6688,25714,759,15473,1989,9732,4987,33329,40560,5790,28413,2021,3784,5297,3111,1001,18983
2022-03-24,146311,413,21687,7793,2687,12545,572,63066,16996,6635,1474,81,1086,20113,5200,2707,6686,25729,759,15473,1991,9734,4987,33347,40573,5794,28438,2023,3784,5298,3112,1001,18987
2022-03-25,146359,413,21688,7800,2687,12546,572,63076,16996,6637,1473,81,1086,20113,5209,2707,6686,25741,759,15476,1992,9736,4987,33357,40584,5799,28452,2023,3785,5299,3114,1001,18991
2022-03-26,146359,413,21688,7800,2687,12546,572,63076,16996,6637,1473,81,1086,20113,5209,2707,6686,25741,759,15476,1992,9736,4987,33357,40584,5799,28452,2023,3785,5299,3114,1001,18991
2022-03-27,146359,413,21688,7800,2687,12546,572,63076,16996,6637,1473,81,1086,20113,5209,2707,6686,25741,759,15476,1992,9736,4987,33357,40584,5799,28452,2023,3785,5299,3114,1001,18991
2022-03-28,146456,414,21692,7805,2687,12552,572,63091,16996,6639,1474,81,1086,20117,5213,2709,6687,25754,759,15478,1993,9741,4987,33383,40645,5810,28475,2026,3787,5302,3117,1001,18997
2022-03-29,146480,414,21694,7806,2688,12552,572,63094,16997,6640,1475,81,1086,20119,5213,2710,6687,25753,759,15483,1993,9747,4988,33393,40651,5813,28481,2026,3787,5303,3119,1001,19003
2022-03-30,146523,414,21693,7809,2689,12554,572,63105,16999,6641,1476,83,1086,20120,5216,2711,6688,25761,759,15488,1993,9748,4989,33406,40654,5817,28499,2028,3787,5305,3119,1001,19008
2022-03-31,146564,414,21697,7810,2689,12555,572,63117,16999,6642,1476,83,1087,20121,5218,2715,6688,25765,759,15491,1993,9751,4989,33415,40660,5817,28511,2028,3787,5311,3120,1001,19012
2022-04-01,146593,414,21697,7813,2689,12556,572,63124,16999,6643,1476,83,1087,20121,5219,2715,6691,25769,760,15494,1994,9754,4991,33418,40670,5819,28521,2028,3787,5313,3120,1001,19019
2022-04-02,146593,414,21697,7813,2689,12556,572,63124,16999,6643,1476,83,1087,20121,5219,2715,6691,25769,760,15494,1994,9754,4991,33418,40670,5819,28521,2028,3787,5313,3120,1001,19019
2022-04-03,146593,414,21697,7813,2689,12556,572,63124,16999,6643,1476,83,1087,20121,5219,2715,6691,25769,760,15494,1994,9754,4991,33418,40670,5819,28521,2028,3787,5313,3120,1001,19019
2022-04-04,146702,419,21701,7824,2691,12567,572,63287,17008,6645,1478,83,1094,20125,5221,2725,6701,25790,761,15503,1996,9762,4995,33444,40698,5829,28550,2032,3791,5318,3120,1002,19030
2022-04-05,146744,419,21700,7825,2691,12569,572,63291,17008,6646,1478,83,1094,20126,5223,2727,6701,25793,761,15507,1996,9762,4996,33449,40700,5831,28563,2033,3791,5319,3120,1002,19030
2022-04-06,146788,419,21705,7840,2691,12572,572,63300,17008,6650,1478,83,1097,20127,5226,2730,6701,25800,761,15507,1996,9764,4997,33460,40705,5836,28579,2033,3791,5320,3124,1002,19035
2022-04-07,146829,419,21706,7841,2691,12574,572,63304,17008,6652,1477,83,1097,20128,5226,2735,6701,25805,762,15513,1997,9768,4997,33464,40709,5837,28607,2033,3791,5321,3125,1002,19038
2022-04-08,146878,419,21707,7844,2692,12578,572,63313,17008,6652,1477,83,1097,20132,5229,2737,6702,25811,762,15518,1997,9769,4998,33472,40717,5841,28612,2034,3791,5324,3125,1003,19039
2022-04-09,146878,419,21707,7844,2692,12578,572,63313,17008,6652,1477,83,1097,20132,5229,2737,6702,25811,762,15518,1997,9769,4998,33472,40717,5841,28612,2034,3791,5324,3125,1003,19039
2022-04-10,146878,419,21707,7844,2692,12578,572,63313,17008,6652,1477,83,1097,20132,5229,2737,6702,25811,762,15518,1997,9769,4998,33472,40717,5841,28612,2034,3791,5324,3125,1003,19039
2022-04-11,146966,420,21708,7849,2693,12610,572,63334,17008,6657,1478,83,1097,20134,5239,2744,6708,25831,763,15526,1998,9772,4998,33508,40728,5849,28643,2036,3792,5326,3126,1004,19052
2022-04-12,146988,420,21707,7852,2693,12614,572,63334,17010,6657,1478,83,1097,20134,5240,2742,6707,25839,763,15527,1999,9780,4998,33519,40732,5855,28648,2036,3792,5327,3127,1004,19055
2022-04-13,147047,420,21709,7855,2694,12623,572,63341,17010,6664,1478,83,1097,20134,5243,2743,6709,25851,763,15533,1999,9784,4998,33532,40736,5856,28674,2036,3792,5326,3127,1004,19060
2022-04-14,147121,420,21709,7862,2695,12626,572,63356,17011,6664,1478,83,1097,20144,5243,2751,6709,25861,763,15536,2000,9788,4997,33540,40739,5857,28688,2036,3792,5329,3127,1004,19063
2022-04-15,147184,420,21710,7871,2695,12632,572,63365,17012,6666,1478,83,1097,20143,5244,2751,6709,25868,763,15543,2000,9793,4997,33551,40744,5861,28698,2037,3794,5332,3128,1005,19066
2022-04-16,147184,420,21710,7871,2695,12632,572,63365,17012,6666,1478,83,1097,20143,5244,2751,6709,25868,763,15543,2000,9793,4997,33551,40744,5861,28698,2037,3794,5332,3128,1005,19066
2022-04-17,147184,420,21710,7871,2695,12632,572,63365,17012,6666,1478,83,1097,20143,5244,2751,6709,25868,763,15543,2000,9793,4997,33551,40744,5861,28698,2037,3794,5332,3128,1005,19066
2022-04-18,147347,420,21720,7882,2697,12651,572,63396,17011,6672,1478,83,1099,20147,5249,2764,6714,25882,763,15544,2000,9798,5000,33604,40755,5867,28762,2038,3797,5336,3132,1005,19081
2022-04-19,147383,421,21723,7885,2697,12656,572,63404,17015,6673,1478,83,1100,20149,5249,2766,6715,25886,763,15546,2001,9800,5000,33616,40760,5868,28779,2038,3797,5338,3133,1005,19081
2022-04-20,147434,421,21722,7896,2697,12660,572,63423,17017,6674,1478,83,1100,20149,5251,2774,6716,25896,764,15546,2002,9808,5002,33633,40765,5869,28813,2041,3798,5340,3133,1005,19085
2022-04-21,147534,421,21723,7901,2698,12669,572,63447,17018,6673,1479,83,1100,20151,5253,2777,6716,25900,764,15549,2002,9817,5003,33658,40771,5873,28837,2041,3800,5345,3133,1005,19089
2022-04-22,147598,421,21725,7914,2700,12677,572,63460,17020,6673,1479,83,1100,20155,5253,2781,6716,25903,764,15549,2004,9824,5008,33672,40777,5875,28863,2042,3800,5351,3133,1005,19091
2022-04-23,147598,421,21725,7914,2700,12677,572,63460,17020,6673,1479,83,1100,20155,5253,2781,6716,25903,764,15549,2004,9824,5008,33672,40777,5875,28863,2042,3800,5351,3133,1005,19091
2022-04-24,147598,421,21725,7914,2700,12677,572,63460,17020,6673,1479,83,1100,20155,5253,2781,6716,25903,764,15549,2004,9824,5008,33672,40777,5875,28863,2042,3800,5351,3133,1005,19091
2022-04-25,147755,421,21729,7930,2700,12690,573,63501,17021,6677,1480,83,1101,20155,5256,2794,6716,25917,764,15555,2004,9836,5010,33717,40786,5880,28912,2038,3801,5361,3132,1005,19095
2022-04-26,147755,421,21729,7930,2700,12690,573,63501,17021,6677,1480,83,1101,20155,5256,2794,6716,25917,764,15555,2004,9836,5010,33717,40786,5880,28912,2038,3801,5361,3132,1005,19095
2022-04-27,147755,421,21729,7930,2700,12690,573,63501,17021,6677,1480,83,1101,20155,5256,2794,6716,25917,764,15555,2004,9836,5010,33717,40786,5880,28912,2038,3801,5361,3132,1005,19095
2022-04-28,147969,421,21737,7951,2702,12717,575,63577,17030,6683,1480,85,1102,20162,5260,2814,6717,25933,765,15551,2003,9866,5013,33778,40822,5883,28988,2038,3801,5373,3132,1008,19117
2022-04-29,148049,420,21739,7964,2702,12723,575,63598,17031,6684,1482,85,1102,20163,5265,2814,6719,25940,765,15552,2003,9876,5013,33795,40828,5884,29034,2038,3800,5378,3137,1008,19121
2022-04-30,148049,420,21739,7964,2702,12723,575,63598,17031,6684,1482,85,1102,20163,5265,2814,6719,25940,765,15552,2003,9876,5013,33795,40828,5884,29034,2038,3800,5378,3137,1008,19121
2022-05-01,148049,420,21739,7964,2702,12723,575,63598,17031,6684,1482,85,1102,20163,5265,2814,6719,25940,765,15552,2003,9876,5013,33795,40828,5884,29034,2038,3800,5378,3137,1008,19121
2022-05-02,148266,420,21743,7987,2705,12732,577,63659,17032,6684,1482,85,1102,20162,5269,2827,6717,25946,766,15561,2002,9883,5012,33834,40844,5897,29099,2038,3807,5387,3141,1008,19134
2022-05-03,148349,420,21741,7985,2706,12740,577,63665,17033,6688,1482,85,1102,20163,5275,2827,6718,25948,766,15562,2002,9887,5016,33849,40852,5897,29114,2037,3811,5389,3138,1008,19139
2022-05-04,148451,420,21743,7993,2706,12748,580,63672,17037,6694,1482,85,1102,20164,5276,2829,6718,25954,769,15567,2002,9896,5018,33872,40856,5897,29147,2037,3812,5396,3139,1008,19145
2022-05-05,148599,420,21747,7996,2707,12754,580,63713,17040,6694,1482,85,1102,20164,5280,2845,6718,25954,769,15573,2003,9912,5018,33894,40869,5900,29194,2037,3815,5399,3139,1008,19158
2022-05-06,148716,420,21748,8006,2707,12763,581,63755,17050,6698,1482,85,1103,20166,5283,2852,6722,25965,769,15578,2003,9921,5018,33918,40882,5901,29223,2038,3817,5402,3140,1008,19167
2022-05-07,148716,420,21748,8006,2707,12763,581,63755,17050,6698,1482,85,1103,20166,5283,2852,6722,25965,769,15578,2003,9921,5018,33918,40882,5901,29223,2038,3817,5402,3140,1008,19167
2022-05-08,148716,420,21748,8006,2707,12763,581,63755,17050,6698,1482,85,1103,20166,5283,2852,6722,25965,769,15578,2003,9921,5018,33918,40882,5901,29223,2038,3817,5402,3140,1008,19167
2022-05-09,148997,420,21756,8014,2707,12774,582,63835,17051,6707,1481,85,1103,20166,5287,2865,6721,25980,771,15586,2004,9939,5019,33991,40901,5910,29314,2039,3825,5410,3145,1007,19187
2022-05-10,149099,420,21756,8017,2707,12780,586,63849,17053,6718,1481,85,1103,20166,5290,2867,6722,25983,771,15587,2005,9947,5022,34014,40908,5913,29358,2039,3826,5412,3148,1007,19191
2022-05-11,149232,420,21758,8034,2707,12782,588,63890,17061,6731,1481,85,1103,20169,5292,2869,6722,25986,772,15594,2005,9956,5023,34055,40924,5917,29388,2041,3826,5417,3148,1008,19200
2022-05-12,149415,420,21769,8044,2707,12789,588,63921,17063,6736,1481,85,1104,20173,5295,2880,6723,26001,772,15595,2006,10028,5023,34085,40932,5925,29446,2046,3831,5422,3151,1007,19223
2022-05-13,149543,420,21774,8048,2708,12797,589,63972,17069,6748,1482,85,1104,20174,5296,2880,6725,26007,772,15613,2006,10047,5023,34112,40943,5926,29503,2048,3834,5425,3152,1007,19238
